3588.44549875000
4484.11198551000
3291.83460566000
4838.55129839000
3507.58838855000
3881.03816583000
4334.97678266000
4508.86913656000
4329.02232767000
4140.34645856000
3754.43416289000
3244.52133308000
3301.68409007000
4425.13352427000
3574.07390391000
4997.50891241000
4504.47311290000
3326.32084840000
4177.12292557000
5068.68576902000
3258.72883045000
3362.32857380000
4041.56647933000
4309.81443417000
4099.23408664000
3661.51092480000
5018.86952732000
3762.59527054000
3921.23016130000
3629.63024218000
3624.00366755000
4638.64328261000
3762.03433170000
4410.36626398000
3491.16584683000
5211.26056057000
3857.84320149000
4392.64974344000
3920.82016946000
5297.07737055000
4271.53640697000
4520.04619977000
3759.04530555000
5339.15165868000
3775.50754316000
4674.25503666000
4514.22923326000
5559.38689657000
5588.59681371000
4903.13358024000
4035.66101031000
4788.06365493000
3886.23221091000
4721.78116543000
5205.98867434000
4310.42439704000
4798.51088548000
5597.39075740000
5399.46624784000
4877.29444305000
5344.86032913000
6058.65762514000
5894.00164928000
4748.02723856000
4294.90879928000
4552.42760916000
5317.77049199000
4949.91517977000
4866.09631561000
6217.24856939000
5689.54604750000
5954.82646874000
5572.40102563000
5176.25858156000
5561.00506683000
5406.41975158000
5783.73604205000
5326.48133693000
6353.29421940000
5965.60398401000
6112.67755083000
5615.16286208000
4961.29481732000
5473.19648596000
6441.58840075000
6011.38811326000
6377.88046257000
6292.84016102000
5305.25044585000
6165.53804259000
6630.27914818000
5627.20985830000
6741.40049399000
7009.37176619000
7344.65128905000
6877.34479603000
6471.87010740000
6797.86245238000
7235.89080136000
6831.23198980000
5944.11086131000
6403.15377570000
7285.45268077000
6430.44507515000
6125.62904553000
6717.04678844000
6068.67537832000
7491.63476331000
6310.02684220000
7254.65048981000
7320.68730237000
8117.47476956000
6691.81249101000
8199.74205779000
7359.68227864000
6638.54046524000
8151.40497967000
8220.45789827000
8295.58723793000
7323.32874404000
7996.52742962000
7375.12697478000
8096.55749486000
8542.80005050000
7525.70504777000
8986.61748661000
7453.14093068000
7711.05688488000
8989.85470301000
8583.15895328000
8855.43921545000
8644.25377536000
8696.92917350000
7959.43899213000
9417.65234764000
9129.76772864000
9299.71561594000
9582.66924790000
8403.45097766000
9653.59575778000
8690.95749374000
8465.04023315000
8438.00296254000
10071.4621323000
8659.45162265000
9225.72441824000
8662.54180512000
9867.18518231000
9032.96921170000
8662.93771032000
9381.49680214000
9955.95602384000
10076.3045198000
8966.26912089000
9682.23806776000
9463.74705278000
10728.8209833000
10004.0943917000
9520.92794924000
10894.3221690000
10768.9626609000
9268.84019295000
10377.1483837000
10741.2594227000
10737.9769208000
10075.0536510000
10877.4396372000
11546.0281157000
10715.4041250000
10793.4459935000
10018.5978877000
11718.4228941000
10344.5088608000
11635.1017302000
11330.2639146000
10616.4237993000
11954.9180319000
10467.4073707000
11790.4108612000
11552.7622894000
11302.4709949000
12349.1345750000
11960.3718271000
12143.4270049000
11484.4019715000
11628.8214851000
11440.7047713000
12638.4398079000
11506.2250160000
12767.9855108000
11044.7975317000
12751.0394365000
12192.2058134000
11541.7571412000
11656.4352309000
12139.0163712000
13195.0877315000
11679.2052600000
11411.9508181000
13069.7734264000
12429.7901658000
13378.9538428000
12495.6266793000
12399.8115185000
12521.5928091000
12116.7464796000
12464.4735792000
13262.4367549000
12865.0042368000
13944.6889309000
13864.2281077000
13466.4718206000
13617.5684654000
12978.9366382000
13747.3262209000
13064.5738606000
12509.2285436000
12436.7976144000
12958.1528133000
14228.3066895000
13925.4281742000
14042.0713880000
12979.6146957000
14510.4468074000
14303.8061154000
13711.7039069000
12951.1564722000
14581.5645743000
14271.0210824000
13567.5732894000
14484.8502308000
13949.4390451000
13420.9848428000
13828.2479381000
13753.7796758000
13458.6514342000
14526.0596833000
14685.2817713000
13638.8886830000
13576.3372650000
15298.1569473000
15285.7902323000
14477.2346786000
14398.0397320000
13987.6181297000
14476.1378385000
14659.4910205000
15141.5206045000
15308.3310661000
15754.3092563000
14456.0781882000
14268.7112174000
15180.8340752000
14409.0875209000
15044.1116289000
15275.3868705000
15372.1478301000
14061.1668158000
14546.0612448000
15952.6320463000
14460.7427855000
15822.8711360000
14836.9218374000
15124.6235848000
15403.0032994000
14761.9282788000
15781.7160838000
15510.1274478000
14388.6607405000
15785.7036980000
14546.3935630000
15654.5622298000
15648.0305072000
16226.6559233000
16279.2083276000
16102.7371051000
14851.6706490000
16528.9945713000
16298.5966176000
16573.1699603000
14953.9142750000
15985.0048127000
15529.5257449000
16401.3178636000
15587.7557127000
16159.1891152000
15885.6333350000
15433.8808633000
16674.4250322000
15081.7756002000
16556.4624330000
15661.7343735000
15980.3871619000
15554.5895755000
14984.2837350000
15591.0294920000
16870.3628635000
15929.3425620000
15101.6809043000
15780.8294235000
15040.3277603000
15861.0915773000
16647.4743978000
15774.5344681000
15172.8830002000
16373.8524157000
15618.5811931000
16120.1046560000
16197.5447076000
16917.0719578000
16586.1801160000
16637.9029577000
16548.0123410000
16464.6779996000
15800.2421867000
15812.9915301000
15767.7721885000
15047.5391298000
15899.3979906000
15170.9932614000
16458.3341262000
16566.1968068000
15198.6864037000
15781.4445118000
15732.8588611000
16056.9153648000
15289.1811714000
16807.9636525000
15763.6154312000
15760.7649286000
16177.0615750000
15279.8179913000
16000.9721085000
14927.5991707000
16491.6638431000
16096.1206611000
15215.3381611000
15320.9895105000
14933.6618718000
16527.5032082000
15025.5010222000
16256.0042693000
15281.7844968000
16673.5010393000
15709.3940986000
16000.3641182000
15387.8636547000
16317.0033901000
15226.0993010000
14686.3329925000
16291.1831440000
15901.0409454000
16330.1891306000
16455.6807408000
15666.2960098000
15876.0440520000
15627.7355977000
15454.4836441000
14475.2628090000
14535.7998786000
14744.4430730000
16103.8477306000
15074.2553575000
15924.3277258000
16032.6710176000
14957.1910426000
16209.0780829000
16135.8719903000
14901.6785618000
15168.9668736000
15220.3004657000
14875.2249352000
14670.1671637000
15306.0195057000
14974.7736920000
14086.2592545000
13899.1852546000
15117.6328238000
14541.0878034000
13953.4873505000
14081.2566273000
14067.5289179000
15495.0202458000
13708.7972136000
13919.6151356000
14488.8468404000
15179.8183514000
13486.4884342000
14564.9782065000
14246.0177891000
14917.8148209000
13714.6659769000
14815.3406539000
14904.2920599000
13541.5561843000
14812.6476341000
13677.6001586000
14399.1418357000
13969.6614380000
13728.5593380000
14881.6131014000
13050.5590053000
12972.7754880000
12988.6319805000
14671.5728876000
13124.7682666000
14290.1422437000
14036.1379935000
13302.2545860000
12933.8169893000
12519.7288735000
13705.1017243000
14294.7470608000
12475.4129050000
13109.8126020000
13724.2664484000
12157.4672049000
13891.3986419000
13265.6081148000
13463.1789714000
13311.1144534000
13387.7704302000
11982.3678131000
12092.1815260000
12931.4066468000
13326.7683685000
12785.7625910000
11600.6633471000
12962.8060628000
13111.9276143000
12336.8756820000
12423.9364068000
12128.5216144000
13059.7302393000
12816.3325520000
11388.6666321000
11440.3853943000
12554.4317186000
12022.5270376000
11373.4676448000
11463.7663648000
12278.9046787000
12422.4121875000
12613.9192893000
11603.1300372000
11703.7476164000
11911.2643949000
10675.6967826000
11925.7928293000
10804.8110299000
11896.7262385000
11077.6045501000
11929.5024319000
11096.4434348000
11785.8545976000
10287.6405150000
11811.0897241000
11262.8581549000
10857.9266179000
11446.7542485000
10014.8335596000
10632.4499256000
11465.7890591000
11173.7557372000
11399.4886411000
9514.35354422000
11277.7851472000
10560.9818745000
11131.7080701000
9281.95670695000
10394.4603727000
10155.8340125000
10652.6344053000
10555.8263544000
8976.15176909000
9240.89378736000
10501.5207680000
10509.7543473000
9557.37198979000
8694.70255896000
9336.39999974000
9055.18337669000
9034.41045557000
9932.20210574000
10076.5067188000
8227.46046188000
8763.10097745000
8639.81630343000
8692.15487946000
9618.52570308000
9342.05566595000
9102.79020400000
8706.97618638000
9445.39382228000
8308.23504440000
7897.37330693000
9475.67515561000
7492.72627336000
8145.54759417000
7783.97452723000
7641.09580906000
8766.72493581000
8476.44332435000
7844.94785445000
7284.43855067000
7614.02361701000
8810.37698857000
8610.10080175000
7847.60472560000
8103.78861952000
7982.00510924000
7847.32950089000
7958.89281006000
6749.60313446000
6685.86240017000
8290.95546477000
8219.72821285000
7738.38500041000
8168.88751139000
7869.88424143000
6956.19443298000
6964.56396189000
6918.19892906000
7335.36917527000
5981.89269979000
6653.44591545000
6433.78431215000
7480.73761757000
7501.99085580000
7187.49986896000
5715.96861263000
6825.28226783000
6748.80805046000
7422.47889341000
5495.45936519000
6071.88318986000
7265.42052229000
6951.23657137000
5756.93696395000
6260.13224162000
5473.10690115000
5878.85046921000
6244.15192291000
6828.04161718000
5307.38808282000
6759.17178729000
5484.03969292000
4993.43108161000
4892.62518013000
4799.13215715000
6732.34843891000
6622.35689996000
4774.83765886000
5447.48445016000
5823.49426554000
6052.08292174000
4956.67051573000
4600.55357911000
5736.34594670000
5390.59114253000
6078.02010126000
5994.89961478000
4776.81464605000
5001.40111122000
5014.08827275000
4525.00305189000
5837.82478059000
4661.27304745000
5596.49459420000
5553.14344648000
5098.23338801000
4848.68934896000
5795.40214738000
5806.53312546000
5219.63864867000
5358.02024955000
5296.96347357000
4431.45949012000
4462.51328846000
5566.41548351000
3958.97778168000
4792.55171384000
4786.79079465000
5412.08816039000
4690.55786920000
3847.36734950000
3893.97597969000
4480.76845705000
4478.05105458000
3901.35007540000
4381.55951004000
4723.15383451000
5293.97864909000
4962.60692482000
3510.19972408000
4571.76750378000
4922.14247563000
4596.40958373000
4312.52815547000
4726.91859847000
3613.06039904000
3734.03714220000
4960.29474234000
4356.92180386000
3403.56250801000
3487.58828048000
3183.51406145000
3856.45572302000
3213.05071945000
4724.15505971000
3517.60868382000
4856.50269345000
4090.81922301000
3957.63240769000
3473.41470415000
3677.15009993000
4669.88751904000
3802.21213929000
4395.31192641000
4586.95176831000
4710.43747415000
3770.23389287000
3842.91040588000
3738.10585888000
3720.10935900000
4560.14801727000
4010.45973885000
4942.75074653000
4311.86138860000
3398.12205922000
3285.06352834000
3500.97094843000
3620.48731424000
4122.08442378000
4459.30123929000
3676.57046575000
3936.06601236000
4555.17229408000
4083.31286587000
3047.12498500000
4855.23667825000
4905.23594058000
3068.34484390000
4887.09638776000
3347.48890857000
4585.57279291000
4114.53588673000
5089.79893995000
3759.32060666000
3458.73791080000
3865.65942361000
3538.77805920000
4102.54932723000
5052.67333739000
5168.26346238000
4724.40263476000
3687.01301351000
3577.16831589000
3716.27157582000
4921.99933440000
5120.68777172000
4023.39818407000
3501.70454568000
3926.34116299000
4525.91804659000
4471.00259812000
4097.21581964000
5133.23828331000
5445.63052587000
5156.44642173000
5372.58772030000
4408.65797696000
3901.76150331000
3877.35248254000
5258.34905258000
4176.74597255000
4993.09755034000
5611.73945165000
4893.79307207000
5455.88495571000
4949.61194736000
3847.70689360000
5248.20801982000
4076.99932165000
5281.61566395000
4418.08237383000
5373.42798128000
4201.34421778000
5875.31472646000
5727.33859335000
4347.09762789000
5159.23964973000
5962.33714839000
4466.48300364000
5239.19382426000
5332.50192879000
6254.78004841000
4852.52943033000
6063.19976477000
5732.42638613000
5270.56664287000
5711.90222901000
6389.77533322000
6523.69763680000
4936.65746933000
5253.18305929000
5675.18625536000
4906.75380936000
6137.67325938000
5055.36161086000
4939.68475376000
5251.46683117000
5849.57177075000
6470.66126404000
6028.07821439000
5757.77858200000
5728.78857738000
5870.51042143000
5276.38447571000
6085.76145573000
7311.04100966000
6354.50030624000
6856.10074102000
6030.35393010000
6717.57117742000
7260.16945546000
5799.53830701000
7130.03520180000
7479.17768059000
7291.97834438000
7349.15266747000
6123.09663527000
7134.36263542000
6029.29946065000
6138.59928138000
6334.70211172000
7590.63535988000
6487.74203350000
7413.72051024000
6849.93024137000
6888.64458688000
7595.37305828000
7799.99192576000
8433.76675052000
7329.36763784000
7771.31414555000
8344.42565310000
7941.81895260000
7975.71867043000
8032.98955734000
7511.24111758000
8609.95509447000
7949.63195705000
8724.20690659000
7815.51246754000
8575.55977593000
7766.53141817000
8240.56852205000
8508.13137089000
8994.87113955000
9089.11957315000
8838.47410772000
8533.45656021000
9375.21860458000
8284.26243418000
9453.85516567000
7853.90685666000
8158.28292683000
9511.94250473000
9224.41531384000
8409.68368302000
8930.88518353000
8739.92737229000
8913.65296602000
9016.61330568000
9813.57516566000
9460.28630387000
9742.61150083000
9549.43820793000
10200.7383754000
9623.45696407000
10280.3125582000
10456.9196803000
9326.37520752000
9836.17546201000
8988.97825114000
9433.77504067000
9669.54729599000
10216.9651403000
10386.7802323000
9998.86020655000
11055.4646562000
10877.6738287000
10292.4020822000
11360.3640001000
10284.0425626000
11164.0222380000
9905.01509780000
10395.5467773000
11811.0798925000
11441.5522478000
10643.1278114000
10771.4699665000
11671.4397480000
11290.2036876000
11450.2194209000
11671.7423079000
12244.1940324000
11649.1495893000
12285.3159846000
11855.9116774000
11046.5646786000
11454.3418230000
11061.9668312000
10818.0109268000
12465.9546643000
11213.8382655000
12369.4144031000
12116.9530525000
11078.9535761000
12650.5782879000
12738.6470578000
12115.9744356000
12584.1292015000
11964.3755561000
12195.7179041000
12895.0131478000
12525.7962896000
12131.3668389000
11803.7267535000
11671.0616599000
13056.0262987000
12104.2991477000
13085.7696706000
13570.3634714000
13244.3880255000
13331.1324907000
12395.2951755000
13603.7899709000
13153.5317568000
13555.9777019000
12725.1873090000
12868.4074842000
13294.6119702000
12288.2280575000
13898.0929434000
12878.3136021000
13681.7615123000
13324.3735260000
12429.0645010000
12779.3816327000
13042.6335635000
13238.5861081000
14035.6333297000
13295.3754999000
13388.0306463000
12156.6944306000
12619.2784907000
13574.8751266000
13196.6978282000
13524.4509091000
12342.6769535000
12230.9311077000
13283.5283484000
13159.8067090000
12466.6612538000
12895.8435535000
13484.1058140000
12400.0664072000
13197.4981648000
13898.4288467000
12746.6576693000
13459.3012188000
13065.6243904000
12342.1795629000
13564.0489686000
12706.5852355000
13098.5094034000
13819.2766567000
12855.3414919000
12700.5559250000
13800.3032135000
13430.6721404000
12718.0141429000
12099.0992686000
12808.3226378000
13043.3211650000
13242.5645591000
13620.1907227000
13212.5527522000
13493.3911833000
13706.3409321000
13852.1197440000
13602.4657898000
13044.4643081000
12742.9009181000
13427.4166377000
13896.4648253000
13924.5532314000
13086.2838517000
13025.4381364000
12941.2158887000
12136.0277302000
13466.6546904000
13237.1738856000
13234.0681385000
12321.5587157000
13509.5724129000
12274.9591750000
13027.1266776000
12232.5039650000
13891.3378008000
13092.9285317000
14014.4634667000
12170.7779986000
13447.6018103000
13748.2804614000
13460.6669196000
13360.6006813000
13130.8419871000
13370.1890639000
13307.1797021000
12827.3229514000
13923.0060831000
13811.2061440000
13215.7084674000
12908.4259011000
13502.1978547000
13364.5988378000
12579.0231115000
13069.2153286000
12167.4401245000
12287.6446958000
13143.3178730000
13280.7101368000
13996.2052746000
13446.6196909000
12767.9040211000
12756.9917724000
12561.6250701000
14007.4451990000
12421.3589787000
12744.9580102000
12599.1269671000
12348.6134988000
12576.1011575000
12145.5559330000
12813.7766151000
13898.0214387000
13850.6050459000
12076.9053594000
13783.0773567000
12740.4176214000
13955.1727280000
12294.4676910000
13247.6472821000
13751.2541509000
14026.1186134000
12588.4127526000
12430.1946496000
12996.3530476000
13361.9167233000
13898.8254661000
12390.7942326000
13220.7758330000
13663.7371353000
13297.4802045000
12102.6801176000
12171.5367497000
13056.6783286000
12801.5033734000
13858.3711129000
12995.7190754000
13236.3069599000
12574.8891930000
13113.9591429000
12276.1231867000
12487.8385717000
13220.6580093000
13841.8979377000
12929.2432519000
12060.8161281000
12397.4650370000
12522.2861207000
12074.5755947000
13819.1271793000
12360.7369426000
13288.3849751000
13312.9005660000
13452.3722734000
13838.9241132000
12326.2544124000
12856.0454202000
12077.7312224000
13051.1428430000
13181.9262595000
12451.2121583000
13876.6383894000
12955.7919677000
12314.8452161000
12444.3994975000
12478.5384014000
12068.2114042000
13766.6644845000
13317.4357106000
12150.4339473000
13725.7208598000
12046.7450291000
13990.2431130000
14007.3155086000
12894.0648230000
12292.6439373000
12612.9520608000
12881.9664441000
13082.0136769000
13184.1848747000
13988.4511353000
13655.7762372000
12815.9294004000
13146.6653758000
13224.1528097000
12256.1316416000
12778.2352792000
13541.3594020000
13335.5478260000
12766.2233645000
13659.2060790000
12608.6496076000
13067.4087990000
12827.8925966000
12556.3525041000
13358.4485096000
13325.5026210000
12163.4464921000
14033.8062257000
13936.2198745000
13028.2026145000
12776.3905856000
12095.3584149000
13421.3996851000
13054.6031781000
13679.8958103000
12161.9002530000
12596.8224940000
12564.9228707000
13044.9543240000
12204.0667656000
13132.6597007000
12169.2134316000
12283.6171732000
13654.4114104000
12799.6208393000
13203.9806412000
12903.5302250000
12369.4358082000
12691.2493061000
11613.7967956000
12906.9221912000
12102.2616995000
12349.1001750000
12477.5052182000
11691.2344509000
11929.4908124000
11213.7009398000
12219.6884798000
11207.1223909000
11012.3853622000
12207.5377263000
11159.5973913000
12537.1218304000
12286.0135995000
11730.7872212000
12606.9153773000
12139.9832608000
12463.8208754000
11991.3644505000
10947.8166803000
11974.4937195000
10451.1440183000
10503.8036327000
11443.1350715000
12059.5201698000
10574.9208733000
10483.8882138000
10276.5253706000
9894.75118221000
11097.0449380000
10509.4271807000
10849.7825991000
9683.25734019000
9743.17916407000
10310.9241726000
10088.5252443000
9632.50377020000
9687.03974041000
10693.8709704000
9306.72418806000
10525.1943098000
10240.1504418000
10167.5200411000
10462.1732712000
10804.0899397000
9967.54571847000
10040.2202150000
10095.3608132000
10041.7087054000
9041.41356241000
9296.98313514000
9329.87806875000
10180.8648246000
8960.96065233000
8894.37392123000
8324.29260814000
9402.30565989000
8881.92386992000
8666.65955636000
9885.47856746000
9886.20982703000
9453.88467517000
9154.93274669000
8629.47528742000
8017.98692883000
9512.08270212000
7964.47844848000
8604.68085197000
8080.19590680000
8818.55853459000
7860.18662984000
9047.56634232000
7442.33705679000
8492.59906351000
8806.34953276000
7136.26679482000
8245.48762927000
8429.73327713000
8122.39531090000
7725.83593122000
7653.10801904000
8118.34718912000
6775.03512326000
6688.57195170000
7630.11635149000
7055.64395987000
8459.12182572000
6883.69835068000
8116.12548841000
8204.87444783000
7208.95511878000
6948.03551028000
7285.19629530000
6777.57997049000
7708.69876381000
7476.05579806000
7745.41420046000
7327.47209429000
6467.40800592000
6885.23286771000
6890.54229175000
7149.39218557000
7270.81688439000
6698.64007942000
6378.49838594000
5852.19535680000
7186.25227800000
7067.88949989000
6710.29217026000
6780.88957142000
6622.20378524000
6756.77395492000
6610.35375858000
6688.46273801000
5639.03700617000
5414.61932669000
6825.04543143000
5177.70562734000
5904.76257900000
6059.42659255000
6429.14580794000
5227.44840043000
5149.25120928000
6323.38719171000
5647.54370239000
5757.69973320000
5799.40902507000
4806.63328597000
4652.04247931000
5934.91382407000
4456.86396943000
4876.05470331000
5846.69943576000
5397.64848782000
5015.40401148000
5232.29210094000
4652.78268359000
5484.66102167000
4255.73045639000
4394.25243589000
4335.94899196000
5653.65929274000
4962.70058421000
4201.12642125000
4405.85988789000
5568.02775044000
5256.76852051000
5166.51130598000
4071.03479037000
4664.84928834000
3988.93746370000
5336.91345031000
4394.15292300000
4876.99982402000
5119.94661184000
4546.19222103000
3716.76627159000
4548.65930634000
4640.08153518000
4795.38122256000
5316.44858647000
3996.03666368000
4373.88473075000
4569.06527272000
4803.85056185000
3663.88002796000
5219.36417394000
3852.83787613000
4086.45604852000
3543.76229953000
5188.60097458000
4745.03936272000
4616.70293244000
4336.44088064000
4803.78509877000
4146.23855512000
4800.69430381000
4118.31557927000
3269.00882474000
4686.33636896000
4053.32192120000
4121.37897300000
4285.59941037000
3164.75099781000
4325.70373140000
4808.38483795000
3556.18951162000
3713.92348032000
5007.54259620000
3518.00729546000
3330.57929624000
3898.39562654000
4676.15160712000
4328.59798186000
4842.13317488000
3204.91379545000
3770.61241011000
3953.59838824000
3682.44024158000
4871.45160200000
3835.61929171000
3557.16581673000
3451.38899741000
3379.75768035000
4894.30163812000
4827.92125167000
4875.96316698000
3646.83491607000
4408.81410960000
4012.02846638000
4199.55756111000
4966.16107507000
4388.21818181000
4064.08738172000
3297.90985182000
3537.59466069000
3508.50455357000
3374.01789421000
3119.24271938000
3963.46085992000
4827.03670429000
3246.06417403000
4742.56047827000
4076.93711042000
5166.39986122000
5110.16229103000
4807.45312041000
4503.30112792000
4341.93353681000
5199.83684637000
3730.98525290000
3797.51512725000
4091.81050246000
4460.65832698000
5112.15155827000
3479.05403823000
5091.09098855000
3997.34641757000
4164.05825506000
5320.20529441000
4594.75209081000
4319.09606511000
4108.63632145000
5271.99415850000
3811.09339955000
3844.82137175000
4007.74131000000
3739.40284347000
5545.55599963000
4153.50782363000
5130.58698441000
3948.32925189000
4307.66343837000
4203.46535885000
4625.77076463000
5709.24912764000
3965.06619222000
4413.08132759000
5580.47708178000
5000.28303163000
4698.22194303000
5528.49592512000
5337.22859883000
5663.38187883000
4224.29959785000
4982.75850429000
5198.13300777000
5403.71612652000
5829.91225163000
5259.57168940000
4531.64062753000
5547.00897106000
5705.10143272000
5871.61882412000
6532.17667827000
5029.91163280000
4796.67305127000
5073.79298822000
5577.90556262000
6597.14041691000
4859.22784076000
6179.48847222000
6474.22944328000
6540.62402608000
6039.36484138000
6651.16057650000
6890.65315289000
6986.23209259000
5572.14344845000
5643.93847294000
6852.66300631000
7240.27953983000
6890.52576539000
7234.49515780000
6262.61322257000
6498.71154404000
6553.72023008000
6495.72342859000
7552.64553406000
7053.48808307000
6667.14901155000
5994.58560466000
7324.58306857000
6901.56224738000
6248.39585862000
7330.11252840000
7260.98424291000
6281.47069360000
7593.05581307000
8025.27621476000
7761.97789928000
7999.35384521000
6536.91548862000
6488.34217708000
8211.37921490000
6675.96189149000
7809.64463840000
7886.87647690000
6797.51602809000
6860.21285063000
8030.45971096000
7026.59424967000
8057.27240913000
8163.93155532000
9001.93837413000
7519.15600318000
8608.16143526000
8633.94948798000
7694.37848508000
8706.41188024000
9317.38524374000
7593.67661658000
8759.70196627000
7696.16227073000
9306.19608446000
9454.43194261000
9191.54214155000
8463.10873982000
9508.74113751000
8125.27220108000
9342.40007699000
9379.67276356000
8255.45355953000
8301.62248271000
8598.71733258000
9764.48464689000
9254.37116340000
9306.23515717000
8926.96641883000
10153.3554420000
9153.29468988000
10254.5376111000
9768.76819882000
10384.1312475000
8911.99501331000
10656.7025208000
9371.62777499000
9258.60136859000
9242.95425347000
9749.52870114000
9538.75345725000
9641.72646870000
9761.00835018000
10496.2931172000
10360.0264565000
10382.5255535000
10485.5081360000
9759.95248571000
9795.08890926000
11395.2090763000
10662.7705931000
9933.60265604000
11643.7804640000
11428.1191430000
10033.9729523000
10717.7335299000
11330.1060559000
11434.5350871000
11310.1241608000
10664.5705724000
12047.0890298000
12273.1178568000
11620.6300951000
11950.6084933000
11714.5090858000
11670.8793282000
10754.5621916000
11020.9898086000
11788.8385200000
11582.4771775000
12938.0651435000
11999.0572935000
11375.4501711000
12546.1118852000
12104.2002480000
11504.2239817000
12795.6295104000
13137.2457543000
11475.9574298000
12891.4721202000
11925.0278158000
13158.9639460000
12486.0712199000
12382.9306672000
12837.1165127000
11814.1815522000
12813.3280491000
12348.5916372000
12130.1457864000
12721.4613191000
12088.9825040000
14042.6168492000
12303.8494460000
13324.8888159000
13246.2717398000
13419.6858533000
13344.3828498000
14222.9640219000
14415.9092978000
12571.4402209000
14190.5882018000
12722.4133711000
13222.9366650000
13260.5940144000
13796.3589237000
13672.8572048000
14264.0970258000
14831.2406761000
13426.8469506000
13950.2772288000
13879.2498268000
14637.4316647000
14715.2503027000
14005.7912883000
13746.7434719000
13964.7725697000
14683.1908489000
14494.0627972000
14329.3206060000
14428.1170242000
14415.9117729000
14546.3675084000
14942.4328392000
15290.2023118000
15137.9610490000
13912.3879578000
13828.4526202000
14686.5304503000
14683.8249234000
15625.6453770000
15282.2430855000
13876.3906621000
14869.9089524000
13972.4918640000
15340.2749243000
14784.6343351000
14201.5997424000
14230.2925333000
14345.7032744000
15866.5438960000
14290.1675147000
15927.6265311000
15638.0757052000
14250.2636042000
15613.2241653000
15769.2635103000
16273.5869880000
14862.0378554000
15816.4473246000
14525.3706932000
15613.6436700000
15625.8401627000
16149.2950026000
15981.2956769000
16395.6025036000
14966.1474678000
16081.4558218000
15780.1027694000
15832.5283715000
15678.5191062000
14915.4079250000
16557.4029349000
16090.3219162000
15248.3242078000
15017.5416535000
16180.9688531000
16309.4699727000
16150.2870331000
15570.6105534000
14978.0562965000
16235.8363671000
15978.2531092000
14994.0191581000
15083.6784500000
16582.8023185000
16671.9519964000
16042.8089853000
16422.5481575000
16495.1200502000
16222.9918567000
15259.3112616000
15290.8006931000
14994.9286317000
15025.2141374000
16919.3727762000
15546.6415686000
15746.3281056000
15480.6020826000
15570.5298945000
16257.2212451000
16749.5896367000
15896.1115846000
15754.2465005000
15550.5924548000
16207.1138597000
15435.9840124000
16888.2544689000
16555.1829801000
15798.2226122000
16283.0406739000
15139.4320951000
15252.9385509000
15824.8192520000
16879.5187133000
16542.4378236000
16797.6103949000
15616.1306639000
16753.4264450000
15824.9940584000
15590.8511221000
15694.8101330000
15217.7153065000
16181.1119746000
16241.1729996000
16590.7734367000
15893.6874387000
15022.2840896000
15727.1113556000
16554.2667572000
16806.4717010000
16350.3414774000
16343.9685954000
16737.8758489000
16127.6181592000
14838.5911682000
15351.6118744000
16113.7061059000
15383.4728600000
14876.8084867000
16294.6452670000
14835.7531993000
16116.4643861000
15716.8283673000
14858.5572255000
14718.7478737000
15483.5292108000
14812.3319135000
16066.1544676000
14426.9574129000
14469.0886072000
14425.0262552000
14495.4475968000
14480.4995876000
14640.4569592000
14972.1191003000
16220.2846006000
15631.8593466000
14892.4696927000
15980.6591092000
14127.4087111000
14769.4604381000
16003.7607090000
14443.5894707000
15056.4184938000
15592.5080827000
14129.0638830000
15505.5606329000
14150.1911428000
14284.5004259000
14828.9138051000
13832.5270478000
14053.0142049000
14843.1460058000
15433.2586488000
14116.0846071000
15389.9857079000
15140.2197057000
14896.1010270000
13938.5104457000
14105.5324327000
14377.2512025000
13408.6980300000
13275.2553300000
14462.3553018000
13932.9219095000
13358.4103794000
13395.2914114000
14755.7012720000
14944.9594577000
12961.4810140000
14603.7014231000
12952.3946869000
13206.1153891000
12930.6279244000
14158.6927310000
13452.4637443000
12801.4228098000
14358.1446312000
13856.9012165000
14029.6428902000
13855.1898786000
14188.8405759000
13820.7222283000
13733.1791977000
13579.7344025000
12905.4822208000
14064.6729448000
13561.3451037000
13107.9138262000
12544.7955722000
12680.6316547000
11934.8980876000
13349.6955227000
12374.3358775000
12885.2195175000
13572.3636750000
13539.5793175000
11675.1895363000
12600.2226967000
12241.9522149000
11694.3215090000
12085.9586709000
12836.8662578000
11300.8327213000
12148.7479186000
12435.8644997000
12273.7848459000
11233.2983077000
11705.5276053000
11661.0499231000
12697.0197523000
11092.7248674000
11495.2681614000
12268.1608081000
12031.5900489000
10802.6266563000
11107.8814910000
10709.3963579000
10933.0976140000
11288.4697806000
11480.5430346000
12148.0328196000
10715.3803160000
11002.9812211000
10798.2638794000
11650.1760500000
10360.7826119000
11364.5964208000
9877.22283156000
10304.3630765000
11615.2350916000
10672.2250646000
9997.07535727000
9841.41653739000
10532.8576073000
11290.5080390000
9406.66266112000
10096.4181638000
9434.95394932000
10024.7365891000
9373.49369366000
9183.68733321000
9703.74548781000
10057.6571182000
8917.77512412000
10566.6400542000
10496.5369901000
9450.18967445000
9210.23115392000
9476.42029930000
8934.78536835000
8809.46051217000
9342.64995951000
9342.42471686000
9964.40033313000
9385.10102712000
9121.01726613000
8207.25697848000
9600.54859611000
9815.62693871000
8152.69994361000
8668.83080702000
9281.41126310000
8611.87478028000
8361.43264186000
8814.42042715000
8001.61280018000
7848.58648426000
7626.51275200000
8871.35606209000
8508.47031223000
8942.79911605000
8752.97962833000
8062.82168693000
7092.73595193000
8167.81810646000
8546.23300560000
7371.34762651000
6839.08103074000
8759.16738218000
6942.48865893000
7965.74052483000
8265.03115806000
6906.64204455000
8071.75961589000
6887.63417926000
7073.78929946000
8017.65143840000
7294.13351751000
8106.84744937000
7337.95282930000
6417.73956058000
6119.23349630000
6665.11102885000
7882.66195236000
7855.09534866000
7133.70271907000
7559.80577268000
5878.38321759000
7400.61747972000
5747.15988292000
6923.91060222000
5569.84672986000
7277.87786837000
6581.69862662000
6698.88174324000
6751.42411396000
6196.00702679000
6318.06318824000
6326.61271599000
6183.11622275000
6665.22820195000
5267.58815878000
6292.81828783000
6927.54346312000
6439.84151226000
6640.08085712000
5536.85771387000
5699.67175045000
6621.86265180000
5820.23175098000
4932.21477748000
5340.44423551000
5888.22849373000
6284.08895594000
4851.65630094000
5548.77774273000
5117.75041532000
4745.02650676000
5372.09860352000
4937.93835194000
5808.53499592000
4398.05626736000
6098.71433365000
4531.02776538000
4390.25189804000
5055.49598915000
5554.59480216000
4269.08564236000
6009.97720064000
4045.45399881000
5744.32172479000
4772.20933766000
5733.84245693000
5378.41590240000
5555.52894466000
4529.78165321000
4785.93860168000
4034.32979287000
4889.53386900000
4407.15640329000
4765.37386805000
3957.12883037000
4407.60209700000
4991.52053130000
3782.06728446000
4811.03156251000
3602.89532580000
4421.47036255000
4804.39047191000
4106.68160576000
3473.01256105000
4234.19311849000
4590.70090329000
4090.23508672000
4426.62519747000
4666.64001444000
3333.97912230000
3557.05523146000
4411.06720188000
4375.65354369000
4841.04899482000
4658.99994283000
5040.51315617000
3214.83785690000
3397.89498666000
3294.31876141000
4047.80758069000
4389.91862883000
4198.88970328000
4095.09636317000
3303.29320522000
4960.92987851000
4948.98925555000
4522.12899808000
3589.00494229000
4929.23031965000
4453.61639058000
3727.96880730000
3716.90213167000
3116.11826829000
3906.91204003000
4409.67234348000
4611.90506621000
3764.83355522000
3226.41705604000
3266.84984705000
4927.38904497000
4551.92002653000
3034.76850767000
4548.82789366000
4899.72869899000
4181.07454630000
3842.99562095000
4998.26403351000
4589.44385701000
3293.60047410000
3705.79929261000
3866.71179550000
4602.25278706000
3301.10582802000
4498.27202206000
4794.93764139000
4929.13564459000
4560.73395086000
5084.23231645000
4549.91370152000
4182.34597946000
4056.49574157000
3833.46010781000
4258.66892810000
3238.53308027000
5003.94860682000
4237.42360832000
4699.62817625000
5163.14770138000
5099.23768780000
4406.74585979000
4661.04702244000
3816.91489107000
4061.36355513000
3577.09675306000
4654.33910922000
5326.33289140000
4709.63387831000
5302.16836409000
4890.34802079000
3828.09469246000
4909.87427621000
4191.75770170000
3775.02539506000
5097.60848788000
5410.47546313000
4821.88538879000
4743.32334010000
5628.93895467000
4802.38286262000
5450.74042592000
4665.22651547000
5059.69870822000
4964.49907951000
5148.46919518000
5487.15360367000
5784.23298087000
5017.08719688000
4089.17838223000
4416.24758614000
5207.62943073000
4636.70082717000
5085.94180163000
6017.89903854000
5463.87603829000
4974.39140125000
5841.20402882000
5444.48820595000
5117.66833581000
5467.42238699000
5717.99135590000
5323.15868696000
5131.21996826000
4691.31690270000
6228.34406544000
6470.90956628000
5378.72416145000
6397.88003301000
5156.63786675000
6108.14154010000
5371.80361382000
6187.63463532000
5368.39634869000
6323.82088234000
6146.72892917000
6915.52771035000
5535.28887525000
6950.36600239000
6301.30952271000
5378.40883256000
5834.33261877000
6632.97303779000
5622.06635459000
5698.39003379000
6658.93586072000
6427.22977185000
7042.45722504000
5927.00460975000
6674.93469405000
5806.00148326000
6766.02773697000
7151.95330442000
7500.09053656000
6426.05157464000
7787.98704980000
6135.62452539000
7074.82665094000
7959.58132770000
7269.53756782000
7417.57876380000
8197.79386633000
6411.85541965000
6699.73877526000
6837.86256971000
7359.58951214000
6647.76860027000
7562.08157935000
8025.71912587000
7846.94537548000
7047.67993115000
8195.84382227000
8044.08201752000
8509.85935236000
7787.37916729000
8473.67377036000
7066.98792741000
7946.10350165000
7384.48874390000
7252.19757339000
8813.74510244000
8549.00255972000
9361.36518860000
7614.81189859000
8184.30872692000
8797.12950069000
9058.89887891000
7890.94795094000
8700.13326171000
9006.80776664000
9643.36875387000
7970.43992185000
9021.47810173000
8835.02428700000
8329.77459188000
9110.11227389000
9559.03834408000
8374.30995425000
8539.69246819000
8799.90248155000
9866.64458710000
9493.39745578000
10229.2532047000
9028.53283632000
9835.98787048000
9484.34970064000
9969.56720192000
9790.60700040000
10547.4461560000
9706.86685827000
9675.43916308000
10402.3979097000
9615.39464949000
10375.5904416000
9356.17568594000
11114.1931695000
10380.0474668000
10961.2860451000
10537.6408242000
10759.2346723000
9754.31541308000
9857.82417577000
11651.7167057000
11363.6700011000
10598.4721265000
10667.6508524000
10752.6342954000
11008.3599780000
12083.3556348000
10583.3176732000
11505.6740226000
10484.0732326000
10554.3190868000
11296.5264921000
10988.8016410000
12268.1983882000
10839.6815984000
12617.1712243000
12324.8698812000
11080.0658796000
11149.0538027000
12403.6132885000
11510.1956249000
11715.3637217000
11781.3685426000
11807.5352879000
12454.1668482000
11604.9034038000
11885.4283026000
11770.7188907000
13265.2289359000
13173.7580678000
12316.8391181000
13060.8066175000
12216.3431250000
13580.2984764000
11789.1852216000
12238.7677729000
12496.6195940000
12286.2180410000
13041.0565671000
12204.8871342000
12508.0296372000
12509.3018104000
13626.4357928000
13651.2690336000
13262.8114685000
12691.3042619000
13743.3108904000
12305.9181436000
13371.4388508000
12900.9897167000
13203.0052561000
13403.2382550000
13989.7410608000
12675.5255125000
13325.3106120000
13989.7318622000
13881.5849133000
13229.6397872000
13912.3366537000
12212.8289198000
12586.7523429000
12096.4545002000
12871.6552275000
13415.3072172000
12139.1182101000
12756.7721615000
12816.2638209000
13651.7109465000
12938.9634820000
12343.8021100000
12990.8691117000
13961.4293061000
12903.7625792000
13681.1782075000
12580.5225330000
13804.0818411000
12657.5696725000
13475.6324639000
12823.1533479000
12797.1479018000
13222.8987519000
12375.6965392000
13798.6916976000
13199.1008355000
12741.7699201000
13701.6384996000
12310.5446788000
12217.3887945000
12924.7732578000
12917.3989824000
12972.9395011000
12871.9223702000
13758.4641265000
13309.5238508000
13285.3308970000
12634.6518579000
14009.6504716000
13101.3541662000
13533.5432303000
13831.9918762000
13312.0740530000
14066.1764466000
12340.0025026000
13598.9024034000
13838.5869412000
12306.2282206000
13919.6743143000
13927.5949683000
12946.9014423000
13638.9610508000
12719.0643616000
13840.0950331000
12598.1313057000
13689.1513622000
12642.9901998000
12454.4383774000
13393.6961370000
12968.9381375000
12203.3580540000
12393.8611378000
13084.4396615000
12268.2795663000
12250.7734297000
13545.9461640000
12772.2518995000
12474.7227126000
12630.8941473000
14046.8892341000
12331.7510823000
13303.9486689000
13618.8365319000
12373.5393912000
13306.5939400000
12937.4624271000
12337.1099766000
13521.0748614000
12554.0300400000
12769.0780053000
14055.1027326000
13656.6996964000
12128.9650416000
12975.6788125000
12275.5602099000
13846.3682021000
13282.0956223000
12361.6831374000
13714.7618837000
13004.9535020000
12569.2966995000
12787.6348297000
12933.2973750000
13764.2386167000
13052.1499228000
12509.2447434000
12882.8811612000
14038.0009018000
12396.3274609000
12869.4267624000
12713.1191526000
13647.8906774000
13949.6138252000
12860.7095674000
13155.2020070000
12257.0943267000
13867.2603820000
13754.5320173000
12319.8196590000
12945.6952939000
13129.4859170000
14078.1127959000
12771.1416049000
12879.9902597000
13367.5185877000
12650.9594606000
13071.1890515000
12239.8072180000
12501.7496380000
13799.5556793000
13515.9024982000
12947.5970712000
12810.8179968000
13635.9189295000
12280.5878386000
13046.8757003000
13774.1439272000
12645.8884433000
12316.2064764000
13571.2092706000
12281.5869187000
13641.8193655000
13757.2186083000
12368.6633103000
13332.5031558000
13943.6038771000
12155.1514703000
12602.3734412000
13418.9040783000
12368.1626973000
12507.6683395000
14047.3702755000
12266.8940948000
12301.2678952000
13011.6056635000
12993.7810330000
12963.5430050000
14060.7087726000
13194.9095622000
13428.2497377000
12693.5539677000
12165.6037423000
13722.0066967000
12236.2401916000
12111.8255250000
13044.3761697000
14002.5467548000
12775.6142135000
13718.8883921000
12239.9489546000
13132.7167445000
12685.2137002000
13447.7302129000
12942.4141212000
13723.0111179000
13877.7671025000
12238.3716846000
13997.3731927000
14048.9597133000
12096.8341012000
12129.3292048000
12562.2372191000
12768.0420577000
12544.5196569000
12576.3269199000
12586.2924107000
12925.1314920000
13718.0638217000
13380.3611654000
12651.7824839000
13531.9704006000
12359.8351596000
12852.7369593000
12595.7951905000
13367.6543936000
13648.8038750000
12550.4595966000
12863.0096078000
12551.6508356000
12892.0388773000
12488.5813503000
13666.5535872000
13985.1772990000
12334.8426184000
12625.3788814000
12463.1933835000
12738.6035003000
13596.3068073000
12078.4699538000
12442.6232760000
11664.5511454000
12212.8107312000
12616.9147739000
13196.3126856000
11543.1868819000
12635.0370802000
11908.8076971000
11172.8205072000
11986.8264221000
11717.9159915000
12603.9704721000
12445.8717026000
12170.2687862000
12049.0908139000
12231.1412708000
12320.5204387000
12179.9229001000
11585.2497492000
11499.3057477000
12225.5351234000
11910.3215680000
11187.1894087000
11103.2678467000
10584.5726842000
10501.7486683000
10438.4324978000
11816.6116706000
11098.0920452000
11427.5671358000
10668.6876198000
10681.1852736000
11247.7609125000
11077.2843784000
10753.7064206000
11517.5136587000
9588.87021842000
11120.7756569000
11234.5797303000
9444.92855944000
9297.96327264000
10986.1692533000
10291.5057984000
10409.1266270000
10550.9794096000
9195.02661944000
9513.34953550000
10404.8905082000
10105.3424369000
8855.93891349000
8687.50839402000
10399.0093031000
9109.79728581000
8983.65184817000
9807.49575908000
9674.53077536000
9075.10920112000
10003.1681432000
9713.10137103000
9501.71950470000
9089.59701740000
8551.62848123000
9301.24691583000
8209.08472135000
8740.15127065000
8424.43642588000
9284.37944043000
8384.44914509000
8546.83838600000
8423.81944855000
7494.75641884000
8670.72809299000
9036.91514646000
8075.15576637000
9198.12717852000
7334.97685539000
7145.90515443000
7810.48669994000
8341.79794839000
7182.14950467000
8674.66067606000
8782.11805688000
8428.38836173000
8192.94190792000
7674.88875700000
8577.53713214000
6979.06495999000
8083.59859352000
6821.14627215000
7726.12639115000
6617.42158262000
6509.18211889000
7122.07429680000
7748.60875287000
6354.61525041000
7250.91018861000
7198.61724736000
6324.49089563000
6745.89116809000
6464.69626668000
6306.49004412000
6280.10314655000
7146.64153365000
5797.22171474000
6142.16307434000
7413.38893703000
5809.31580523000
5904.48012157000
5652.60339849000
7124.22504263000
6375.42056189000
6822.29525118000
5938.78007126000
6338.79624094000
5796.47167766000
6696.56762380000
5506.20425172000
6494.83335880000
5676.61565378000
5533.42444600000
6430.17777749000
6521.71512186000
5580.09035869000
6363.14311276000
5714.92272451000
5433.92110161000
5246.40524669000
4837.86864511000
5314.16036632000
6153.70436519000
5155.44209372000
6262.61960670000
4644.38959488000
4401.75557385000
4592.77819651000
6017.85224312000
5546.69204230000
4449.34423545000
4863.09106570000
4126.85729146000
5128.37739340000
4170.37255978000
4750.33123905000
4186.22406551000
4669.22600460000
4457.85828072000
4592.81671042000
4037.09385949000
5104.54588602000
5356.02837603000
4565.74400436000
4904.55382283000
4699.69791668000
4290.75757392000
4223.52724403000
4171.47143698000
5122.34142902000
4010.02074838000
4305.85874353000
4177.38998711000
5221.70263897000
5265.64090483000
4900.63850716000
5005.83474776000
5091.05821557000
4060.80867128000
4438.10129665000
4554.87563468000
4560.62758574000
3942.61165279000
3655.55987520000
3401.68877123000
4977.20467939000
3317.64403121000
4189.75225724000
3206.41866956000
3335.59691505000
3429.52136153000
4028.81602838000
4150.79411072000
5119.96992903000
4602.26359082000
4177.09463084000
4404.19044513000
4638.04007896000
4346.55497184000
4218.59426180000
3238.75903997000
3156.82814082000
3300.00472792000
3648.34837046000
3437.13038846000
3225.45670330000
3447.97745439000
4295.69280652000
3186.24793376000
4497.38596861000
4138.94032665000
4135.19628710000
4774.16423755000
3389.67313273000
4449.85830987000
3772.61261834000
4034.72986662000
3436.21583565000
3027.93742667000
4057.71168201000
4352.86302439000
3596.50703634000
3766.97685296000
4288.10011890000
4204.39479347000
3928.78628161000
3484.60143207000
3905.22273219000
3277.89918688000
3470.00378230000
3692.57823051000
3944.95065732000
3823.77969757000
4173.78865728000
3238.61989624000
5062.62972069000
3164.07411237000
3915.69075942000
5120.62847979000
4547.91917927000
4418.44346003000
3805.49244808000
4265.60520879000
4777.34225481000
4726.19127034000
4217.72262681000
3361.41581078000
3950.44831130000
4008.85048440000
5163.27568443000
4807.63814796000
3788.13131424000
3757.96049191000
4312.29350266000
4928.53904164000
3702.27227294000
5181.88323611000
3617.60422796000
4523.90116388000
4422.15108485000
3860.55992048000
3977.42829903000
4978.21967824000
4499.04617723000
4718.87696316000
5740.61609441000
4115.81621647000
3932.68438233000
4453.17441161000
5298.48139080000
5628.99969126000
4643.33996529000
5064.04903699000
4142.49327176000
5860.37794021000
5055.22469094000
5428.49554126000
5666.14992116000
5808.17586435000
5414.91181416000
4891.93970143000
4493.83284112000
5660.14457312000
5786.71499511000
4600.55057008000
4999.62689722000
5615.47960824000
4597.60377080000
6321.90117351000
4798.53086717000
4844.28446834000
5338.71631198000
6373.67000040000
5213.86195027000
5651.65997352000
5798.97627997000
5985.78121514000
5212.61026555000
5227.67451113000
6677.57206761000
6333.63985344000
5586.98422114000
6436.38823617000
5380.74330142000
6330.55264719000
6067.58381009000
7037.45384996000
5966.48335232000
5958.00202000000
7043.63430740000
6785.92762709000
7346.27041974000
5802.24992634000
6991.96220526000
5901.58628786000
6522.86088234000
7290.88038149000
6070.89657871000
6574.71744618000
6887.40669231000
6934.94490111000
7326.36626405000
7831.12165102000
7634.12778897000
7139.12311550000
6395.12259824000
6863.14478274000
8241.41464023000
6594.68335610000
7320.20457017000
8494.23441731000
8022.67862275000
8606.52870841000
8748.84559858000
7731.52782967000
7461.75190139000
8311.44235664000
7354.98012404000
7237.00759333000
8477.10980323000
7218.03483584000
7982.50327532000
8117.09315447000
8325.88799600000
7661.81424961000
8414.25396151000
8270.82103181000
9055.08206116000
8811.98318641000
8350.76316101000
8459.35576727000
8389.41944975000
8669.55240345000
8445.19930464000
8373.74228416000
8087.86104082000
9375.60625480000
8295.39980797000
9449.36401209000
10043.9064733000
8746.51692380000
8605.74261265000
8516.15803909000
9100.09347166000
9154.89127456000
9987.85535279000
10126.3895335000
10450.5879558000
8873.32674874000
10399.3290710000
10484.9760830000
9823.68444959000
10719.5018906000
10923.4873637000
10523.5538273000
9741.22966137000
10761.0831337000
9982.13061946000
9437.73275033000
10742.9710107000
10332.4252040000
10381.3913919000
9765.20842495000
11382.1610671000
10081.2906012000
11631.9155387000
10293.7549210000
11602.6964527000
10818.2492607000
10144.9540025000
10127.7534139000
10619.9657369000
10949.9481462000
11311.9258492000
11443.8283350000
11116.2557808000
10706.3218434000
11840.4373478000
12227.8459626000
10662.6276632000
10792.8771717000
12629.2370093000
11079.3150442000
10947.9031427000
10950.4837100000
11836.9079644000
12852.5546757000
12810.1478230000
11679.4149579000
11988.2451231000
11782.4283356000
12475.1631302000
11463.1048582000
12180.0490765000
12312.3299159000
11852.3090249000
12557.9777470000
12846.9695132000
12427.6253512000
12840.6560194000
12433.8924720000
13512.0057199000
12910.4652446000
12989.3616235000
13875.5850601000
12794.9655765000
13247.9032171000
13050.0696654000
13648.2267625000
12676.2056709000
13493.7891646000
13933.5636618000
12753.4261512000
12643.0727778000
13772.3510385000
12620.1214223000
14559.2885672000
13080.0437374000
13635.9516335000
13121.8831986000
14579.6107342000
13347.8392819000
13723.5304471000
13999.9474591000
14525.8343058000
14761.9675589000
14110.4918793000
14721.3331898000
13680.3745728000
13394.2615751000
14381.0240789000
14174.2186387000
14892.7063498000
13938.6988503000
14380.2833564000
15319.2747437000
14839.5503867000
15278.1782203000
13870.7109547000
14497.8307371000
15054.4286716000
14623.6131574000
15679.0610987000
14393.2272587000
15721.7896489000
15191.0861223000
15316.6931524000
15252.9442959000
14551.6059397000
14552.2489520000
15935.4594089000
14112.9136610000
14952.7002333000
14309.0035455000
15852.5885680000
14799.6768733000
14866.9520941000
15547.3885062000
14660.5748905000
16069.9443565000
15382.7523575000
16020.9606318000
14779.0119394000
16096.0083226000
15859.6121308000
15627.6045437000
15853.3397012000
14502.0170694000
16050.2120139000
15854.6444493000
15044.5742850000
15957.7001509000
15216.0454360000
16520.1581631000
14665.9185359000
16549.8339933000
15691.2456422000
14781.5566209000
16110.6291505000
15340.1425521000
15700.9478989000
15061.6406738000
16166.8873769000
14865.7023652000
15430.0020359000
16194.5959710000
16041.6424647000
15522.4291387000
16258.4730581000
15087.2893184000
15017.0775530000
15296.4776309000
15705.6972660000
16249.8751691000
15656.6821788000
15100.6314637000
16014.8103282000
15335.3526778000
16061.1451026000
15506.2465631000
14996.9885587000
15796.4495043000
16105.2491737000
16113.5469084000
16494.5088218000
15332.3152960000
16970.1843886000
16125.6635856000
15006.1237040000
16454.5586691000
16656.3495702000
15364.8985833000
16704.5445801000
16386.7667181000
15157.0908862000
16024.8783468000
15540.9886807000
15521.9933294000
16685.4749702000
16038.1391455000
16424.7396448000
16453.4274263000
15961.5544874000
16532.5260159000
15967.7563090000
14937.6350421000
16821.0345213000
15058.2165967000
16879.7794543000
15745.1663570000
15439.3545562000
15067.0692194000
16245.3832584000
15195.5524279000
16723.3398470000
15262.4128573000
16535.0763364000
16609.6070715000
16351.2837608000
16337.0005045000
14923.7714698000
15812.8765936000
14878.1259799000
14890.0787530000
16380.1156383000
15865.4654123000
14621.9984549000
15075.7434728000
16487.8233030000
14640.0543597000
15292.2343142000
15579.3905565000
15815.8784714000
15411.0805795000
15855.2320406000
16150.6393287000
16026.4790091000
15846.0259200000
15492.2387273000
15467.3808232000
15145.0430557000
14619.2484099000
14484.6630027000
14954.8022300000
15485.5482014000
15224.9384480000
14044.4417361000
14801.9445814000
15761.4300150000
15618.8854834000
14669.5208725000
13992.3574578000
15193.8720076000
14585.0692083000
13870.1862503000
13721.0944863000
14298.0246769000
14280.3105896000
13608.4192292000
14694.4097916000
15006.4179747000
13902.0124078000
13911.0744154000
14379.4749961000
13755.5003120000
14219.2826292000
15228.0319187000
14924.4042512000
14865.7666562000
13576.7248547000
13132.5001226000
14097.1504604000
14819.8911319000
14489.1413801000
13086.3979478000
13202.3635381000
13769.7659820000
13202.3421678000
14551.1175813000
13401.0022672000
13110.8643966000
13252.6266949000
14079.0790192000
13257.1360093000
13018.8009204000
13855.6202734000
13444.5343130000
13670.4044400000
14105.6760724000
13800.9015848000
13826.6069202000
13111.0412862000
13048.6610984000
13812.1681493000
12182.3768316000
12239.2424205000
12862.2835259000
12769.8140787000
12873.8362521000
12109.7578784000
12130.4483500000
12812.0572534000
12281.2804858000
12352.7143379000
11898.4270756000
13143.4365808000
12960.2587483000
12985.7169961000
12770.3766027000
11404.1321995000
11614.7290656000
12922.0797142000
11592.3504170000
10985.1568018000
11144.3594945000
11963.3711934000
11728.8060916000
11185.5060787000
11124.5981962000
12173.8486592000
12430.3688793000
11153.6659512000
11104.2794256000
10374.0243818000
10515.7986983000
11373.6821421000
12052.3308045000
11371.8571981000
11854.9414008000
10947.4561274000
10086.8744004000
10290.8833692000
10893.8761685000
11294.2821126000
10619.2745054000
10556.5837878000
10070.7556443000
10272.0747116000
10433.5028903000
9646.59493376000
9789.20828117000
9869.93098425000
10963.4339993000
9499.65725249000
9831.85552635000
10445.0237554000
10506.0213366000
9634.01488163000
9251.05436089000
9872.92020031000
10103.1237781000
10240.5720826000
9933.05569213000
8887.76768968000
8531.98674709000
10256.4874845000
9100.46462258000
9139.01970573000
9714.86789872000
8647.39332258000
9137.67254222000
8999.89847883000
9134.18475919000
8961.06841091000
7957.43651699000
9167.20052697000
8404.86968973000
9577.84998369000
9225.88439663000
8240.75293384000
9140.56795821000
9042.68337958000
7556.14208279000
7479.39611981000
8629.84263328000
8403.06819919000
7968.30896766000
8486.86228356000
7139.71188655000
8362.05726255000
7317.51170541000
7800.90203702000
8597.91568200000
6811.85340552000
7992.16492532000
7434.02276301000
7594.28685884000
8083.63094331000
7313.87488913000
7629.02972314000
8090.19954405000
7211.56890108000
6763.44702485000
6890.34805574000
7995.93180029000
6818.57487375000
6540.62773402000
6714.05803285000
7351.56490635000
6436.19126913000
6967.81973844000
6415.21157641000
7018.57721628000
5978.85313643000
6605.36120749000
6056.47521196000
7284.96291821000
7022.38991145000
6149.98672294000
6662.83009862000
6382.59818960000
7075.03575023000
6423.95518367000
6296.60591944000
6233.05592229000
6572.65350442000
5509.02616920000
5298.38625100000
5913.07852252000
6280.06292964000
5957.37253271000
5510.45083343000
6169.37266529000
5684.43871626000
5852.84572744000
5395.00273093000
5706.52773363000
4657.99645788000
4709.59805545000
6122.62397620000
5484.66763986000
4616.46841064000
5093.56631200000
4428.91612279000
5389.52333874000
5750.28253484000
5030.69155797000
4911.98510619000
5891.78144500000
6123.51353713000
4611.46640522000
5258.34979451000
4748.13920520000
5689.90255812000
4717.62356467000
4407.66314652000
4989.15384377000
4477.98766783000
4467.07768276000
5662.34161915000
5323.34747640000
4766.42630148000
4165.22822399000
5006.62178774000
4174.90615865000
4970.66575740000
4576.95180092000
4797.11704443000
4838.81795672000
3641.78765282000
3581.66608558000
3718.26444713000
5311.99102300000
3924.10126182000
4525.45389294000
4916.55643179000
4514.18724384000
4315.09369158000
3534.98102685000
3474.68364882000
4658.58963261000
4268.92399516000
3295.09749633000
4315.38230137000
4453.58841214000
5168.25605729000
4999.14426790000
5114.32965160000
3700.31218178000
3174.99466812000
3463.60624274000
4534.68749258000
3649.16746432000
4607.71750866000
3915.18084759000
3468.71469455000
3665.62833592000
4052.97947381000
3436.92944704000
4771.74326585000
3964.76481543000
4949.28190280000
3493.49189389000
4611.54765417000
4251.27623522000
4308.05028424000
3121.12222004000
4903.34168585000
4696.78199862000
4613.01333526000
4240.64483299000
3217.68541799000
3019.06202124000
4194.41272269000
3215.86520068000
4297.78324683000
4421.32119920000