1.20000000000000
1.14147531000000
1.08580490000000
1.03284957000000
0.982476900000000
0.934560940000000
0.888981860000000
0.845625710000000
0.804384060000000
0.765153780000000
0.727836790000000
0.692339770000000
0.658573960000000
0.626454930000000
0.595902360000000
0.566839860000000
0.539194760000000
0.512897920000000
0.487883590000000
0.464089230000000
0.441455330000000
0.419925300000000
0.399445300000000
0.379964120000000
0.361433050000000
0.343805760000000
0.327038150000000
0.311088310000000
0.295916360000000
0.281484350000000
0.267756190000000
0.254697570000000
0.242275820000000
0.230459890000000
0.219220230000000
0.228964940000000
0.246462600000000
0.272744460000000
0.307757070000000
0.350070400000000
0.397177970000000
0.446225730000000
0.494698400000000
0.540759210000000
0.583265450000000
0.621624050000000
0.655619070000000
0.685269910000000
0.710732100000000
0.732233530000000
0.750035740000000
0.764411070000000
0.775629810000000
0.783953160000000
0.789629630000000
0.792893420000000
0.793963950000000
0.793046010000000
0.790330200000000
0.785993610000000
0.780200530000000
0.773103180000000
0.764842480000000
0.755548720000000
0.745342300000000
0.734334320000000
0.722627240000000
0.710315420000000
0.697485700000000
0.685371460000000
0.675244510000000
0.667831140000000
0.663862890000000
0.663949180000000
0.668461180000000
0.677477510000000
0.690801600000000
0.708021790000000
0.728579340000000
0.751827420000000
0.777080110000000
0.803656570000000
0.830921830000000
0.858321310000000
0.885404250000000
0.911832970000000
0.937378510000000
0.961905770000000
0.985352860000000
1.00770887000000
1.02899318000000
1.04923816000000
1.06847593000000
1.08672938000000
1.10400699000000
1.12030088000000
1.13558739000000
1.14982963000000
1.16298113000000
1.17499010000000
1.18580371000000
1.19537204000000
1.20365132000000
1.21064562000000
1.21648474000000
1.22137907000000
1.22560828000000
1.22950637000000
1.23343335000000
1.23773735000000
1.24271394000000
1.24856693000000
1.25537220000000
1.26304496000000
1.27131385000000
1.27970989000000
1.28758226000000
1.29415058000000
1.29859278000000
1.30015217000000
1.29823579000000
1.29247775000000
1.28275579000000
1.26916673000000
1.25197718000000
1.23156717000000
1.20837890000000
1.18287652000000
1.15551778000000
1.12673592000000
1.09692934000000
1.06645672000000
1.03563577000000
1.00474420000000
0.974022220000000
0.943675770000000
0.913880150000000
0.884782380000000
0.856496300000000
0.829099680000000
0.802634300000000
0.777106380000000
0.752488630000000
0.728724620000000
0.705736310000000
0.683434300000000
0.661730040000000
0.640548610000000
0.619840310000000
0.599589250000000
0.579817690000000
0.560585510000000
0.541986120000000
0.524140670000000
0.507193210000000
0.491308720000000
0.476674930000000
0.463508170000000
0.452062210000000
0.442638990000000
0.435599130000000
0.431368880000000
0.430438370000000
0.433344160000000
0.440627780000000
0.452764700000000
0.470066460000000
0.492573970000000
0.519975670000000
0.551587880000000
0.586416970000000
0.623289080000000
0.661005320000000
0.698474980000000
0.734797880000000
0.769292900000000
0.801486830000000
0.831081560000000
0.857914720000000
0.881922690000000
0.903110370000000
0.921528800000000
0.937259920000000
0.950407100000000
0.961089800000000
0.969440900000000
0.975605410000000
0.979739920000000
0.982012170000000
0.982601060000000
0.981697020000000
0.979503080000000
0.976236960000000
0.972134170000000
0.967452160000000
0.962475210000000
0.957519290000000
0.952935740000000
0.949111580000000
0.946463920000000
0.945425660000000
0.946420760000000
0.949829680000000
0.955948450000000
0.964946680000000
0.976829280000000
0.991405410000000
1.00826866000000
1.02679662000000
1.04618158000000
1.06550132000000
1.08382508000000
1.10033135000000
1.11440504000000
1.12568882000000
1.13408302000000
1.13970646000000
1.14283819000000
1.14385760000000
1.14319338000000
1.14128508000000
1.13855666000000
1.13539959000000
1.13216255000000
1.12914539000000
1.12659544000000
1.12470507000000
1.12360981000000
1.12338697000000
1.12405478000000
1.12557228000000
1.12784027000000
1.13070308000000
1.13395094000000
1.13732190000000
1.14050267000000
1.14312780000000
1.14477893000000
1.14498811000000
1.14325293000000
1.13907233000000
1.13200774000000
1.12176246000000
1.10825539000000
1.09165764000000
1.07237205000000
1.05096321000000
1.02806742000000
1.00431319000000
0.980268360000000
0.956414310000000
0.933139440000000
0.910743080000000
0.889443570000000
0.869386760000000
0.850653840000000
0.833268160000000
0.817201630000000
0.802381240000000
0.788696380000000
0.776007080000000
0.764153380000000
0.752965590000000
0.742274910000000
0.731924030000000
0.721776900000000
0.711727240000000
0.701705250000000
0.691682560000000
0.681675590000000
0.671748160000000
0.662014040000000
0.652640470000000
0.643853000000000
0.635941250000000
0.629263790000000
0.624248870000000
0.621386140000000
0.621203880000000
0.624227140000000
0.630916350000000
0.641593010000000
0.656368060000000
0.675094950000000
0.697366370000000
0.722560660000000
0.749925070000000
0.778671180000000
0.808057710000000
0.837445810000000
0.866324580000000
0.894312430000000
0.921143230000000
0.946645330000000
0.970719090000000
0.993316270000000
1.01442289000000
1.03404591000000
1.05220361000000
1.06891938000000
1.08421824000000
1.09812566000000
1.11066824000000
1.12187573000000
1.13178407000000
1.14043908000000
1.14790071000000
1.15424768000000
1.15958246000000
1.16403635000000
1.16777446000000
1.17099959000000
1.17395370000000
1.17691517000000
1.18018946000000
1.18409116000000
1.18891600000000
1.19490345000000
1.20219203000000
1.21077244000000
1.22044537000000
1.23079428000000
1.24118578000000
1.25080979000000
1.25876348000000
1.26416749000000
1.26628638000000
1.26462010000000
1.25894398000000
1.24929561000000
1.23592394000000
1.21922251000000
1.19966491000000
1.17775259000000
1.15397795000000
1.12880143000000
1.10263932000000
1.07585887000000
1.04877806000000
1.02166784000000
0.994755440000000
0.968227890000000
0.942235030000000
0.916891800000000
0.892279510000000
0.868446130000000
0.845405900000000
0.823138770000000
0.801590500000000
0.780674950000000
0.760279520000000
0.740275220000000
0.720531200000000
0.700932680000000
0.681399390000000
0.661900900000000
0.642465180000000
0.623178560000000
0.604178010000000
0.585638850000000
0.567762470000000
0.550767460000000
0.534886150000000
0.520366360000000
0.507477090000000
0.496516050000000
0.487816700000000
0.481752000000000
0.478731120000000
0.479185200000000
0.483538090000000
0.492160130000000
0.505307820000000
0.523058950000000
0.545260010000000
0.571504240000000
0.601152490000000
0.633395050000000
0.667338540000000
0.702094810000000
0.736852480000000
0.770920970000000
0.803747210000000
0.834911300000000
0.864109470000000
0.891132010000000
0.915841430000000
0.938154260000000
0.958027950000000
0.975452910000000
0.990448700000000
1.00306273000000
1.01337003000000
1.02147274000000
1.02749895000000
1.03160082000000
1.03395263000000
1.03474925000000
1.03420542000000
1.03255614000000
1.03005798000000
1.02699111000000
1.02366139000000
1.02040141000000
1.01756930000000
1.01554353000000
1.01471215000000
1.01545551000000
1.01812238000000
1.02300075000000
1.03028543000000
1.04004438000000
1.05218543000000
1.06642592000000
1.08227172000000
1.09901724000000
1.11578133000000
1.13158790000000
1.14548362000000
1.15666477000000
1.16457691000000
1.16896041000000
1.16983823000000
1.16746179000000
1.16223911000000
1.15466510000000
1.14526520000000
1.13455556000000
1.12301811000000
1.11108674000000
1.09914093000000
1.08750337000000
1.07643944000000
1.06615701000000
1.05680558000000
1.04847469000000
1.04119147000000
1.03491806000000
1.02954926000000
1.02491145000000
1.02076341000000
1.01679983000000
1.01265854000000
1.00793261000000
1.00218948000000
0.994999390000000
0.985974780000000
0.974818550000000
0.961373370000000
0.945658380000000
0.927878490000000
0.908400210000000
0.887700780000000
0.866307910000000
0.844747550000000
0.823509090000000
0.803028410000000
0.783683680000000
0.765797580000000
0.749641070000000
0.735435780000000
0.723353810000000
0.713515270000000
0.705984430000000
0.700766240000000
0.697804830000000
0.696985390000000
0.698140180000000
0.701058810000000
0.705501820000000
0.711216600000000
0.717954110000000
0.725485400000000
0.733617050000000
0.742204910000000
0.751165910000000
0.760487450000000
0.770233600000000
0.780546850000000
0.791643020000000
0.803796020000000
0.817308360000000
0.832464750000000
0.849471200000000
0.868390630000000
0.889095010000000
0.911255030000000
0.934377060000000
0.957877400000000
0.981169020000000
1.00373529000000
1.02517584000000
1.04522338000000
1.06373853000000
1.08069185000000
1.09614085000000
1.11020655000000
1.12305200000000
1.13486373000000
1.14583601000000
1.15615804000000
1.16600373000000
1.17552429000000
1.18484325000000
1.19405421000000
1.20322079000000
1.21237870000000
1.22153938000000
1.23069452000000
1.23982078000000
1.24888387000000
1.25784087000000
1.26663988000000
1.27521567000000
1.28347994000000
1.29130496000000
1.29850047000000
1.30478638000000
1.30976941000000
1.31293844000000
1.31369648000000
1.31143821000000
1.30565987000000
1.29606366000000
1.28261461000000
1.26553095000000
1.24522166000000
1.22220273000000
1.19702039000000
1.17019577000000
1.14219259000000
1.11340346000000
1.08414824000000
1.05467953000000
1.02519151000000
0.995830040000000
0.966702550000000
0.937887300000000
0.909441310000000
0.881407010000000
0.853817430000000
0.826699970000000
0.800078950000000
0.773977010000000
0.748415880000000
0.723416580000000
0.698999450000000
0.675184320000000
0.651991110000000
0.629441000000000
0.607558440000000
0.586374160000000
0.565929020000000
0.546278520000000
0.527497320000000
0.509683430000000
0.492961820000000
0.477487740000000
0.463450650000000
0.451079180000000
0.440647200000000
0.432479680000000
0.426956170000000
0.424508200000000
0.425606080000000
0.430729780000000
0.440320470000000
0.454712810000000
0.474056510000000
0.498244080000000
0.526868000000000
0.559226890000000
0.594386010000000
0.631278310000000
0.668818870000000
0.706004840000000
0.741983030000000
0.776081490000000
0.807811120000000
0.836847830000000
0.863005420000000
0.886206310000000
0.906454620000000
0.923813560000000
0.938387590000000
0.950309210000000
0.959729670000000
0.966812780000000
0.971731510000000
0.974666290000000
0.975804890000000
0.975343310000000
0.973487410000000
0.970455320000000
0.966480470000000
0.961815290000000
0.956735200000000
0.951542570000000
0.946569630000000
0.942179090000000
0.938760580000000
0.936721270000000
0.936469130000000
0.938388470000000
0.942809230000000
0.949972520000000
0.959995210000000
0.972835940000000
0.988264550000000
1.00584033000000
1.02491013000000
1.04464157000000
1.06410117000000
1.08236954000000
1.09866466000000
1.11243603000000
1.12340516000000
1.13155116000000
1.13705957000000
1.14025740000000
1.14155181000000
1.14138134000000
1.14018128000000
1.13836113000000
1.13629079000000
1.13429250000000
1.13263598000000
1.13153548000000
1.13114779000000
1.13157095000000
1.13284385000000
1.13494688000000
1.13780387000000
1.14128529000000
1.14521212000000
1.14935957000000
1.15345917000000
1.15719832000000
1.16021713000000
1.16210484000000
1.16240096000000
1.16061001000000
1.15623911000000
1.14886304000000
1.13820740000000
1.12422344000000
1.10712080000000
1.08733948000000
1.06547229000000
1.04217064000000
1.01806492000000
0.993714130000000
0.969583160000000
0.946038890000000
0.923355970000000
0.901726280000000
0.881268600000000
0.862037570000000
0.844031830000000
0.827201800000000
0.811457760000000
0.796678530000000
0.782720840000000
0.769429550000000
0.756648010000000
0.744228320000000
0.732040620000000
0.719981010000000
0.707977480000000
0.695993900000000
0.684032210000000
0.672133610000000
0.660379500000000
0.648893360000000
0.637844200000000
0.627451980000000
0.617994310000000
0.609812930000000
0.603316600000000
0.598976150000000
0.597306310000000
0.598829850000000
0.604022550000000
0.613243420000000
0.626663110000000
0.644210070000000
0.665554330000000
0.690138520000000
0.717248990000000
0.746105890000000
0.775948030000000
0.806094980000000
0.835981040000000
0.865164080000000
0.893317260000000
0.920211450000000
0.945694600000000
0.969671910000000
0.992088870000000
1.01291793000000
1.03214885000000
1.04978245000000
1.06582712000000
1.08029764000000
1.09321560000000
1.10461100000000
1.11452461000000
1.12301069000000
1.13014026000000
1.13600454000000
1.14071895000000
1.14442744000000
1.14730683000000
1.14957073000000
1.15147167000000
1.15329983000000
1.15537645000000
1.15803978000000
1.16162241000000
1.16641984000000
1.17265211000000
1.18042145000000
1.18967059000000
1.20014737000000
1.21138447000000
1.22270541000000
1.23326818000000
1.24215000000000
1.24846198000000
1.25146693000000
1.25066835000000
1.24584899000000
1.23705690000000
1.22455401000000
1.20874860000000
1.19012964000000
1.16921347000000
1.14650595000000
1.12247885000000
1.09755734000000
1.07211505000000
1.04647391000000
1.02090648000000
0.995639310000000
0.970856260000000
0.946701110000000
0.923279120000000
0.900657370000000
0.878864010000000
0.857886960000000
0.837672890000000
0.818127930000000
0.799121530000000
0.780495170000000
0.762076510000000
0.743698720000000
0.725222580000000
0.706557890000000
0.687679540000000
0.668634610000000
0.649539090000000
0.630565790000000
0.611927950000000
0.593863600000000
0.576624560000000
0.560471900000000
0.545677120000000
0.532527340000000
0.521332100000000
0.512429010000000
0.506185390000000
0.502992510000000
0.503249220000000
0.507332240000000
0.515553090000000
0.528105920000000
0.545016030000000
0.566102900000000
0.590971120000000
0.619035710000000
0.649577550000000
0.681815080000000
0.714974940000000
0.748347640000000
0.781321470000000
0.813395100000000
0.844173740000000
0.873355140000000
0.900711560000000
0.926072170000000
0.949309100000000
0.970328370000000
0.989066060000000
1.00548825000000
1.01959313000000
1.03141324000000
1.04101632000000
1.04850448000000
1.05401183000000
1.05770148000000
1.05976273000000
1.06040903000000
1.05987708000000
1.05842689000000
1.05634252000000
1.05393270000000
1.05153043000000
1.04949014000000
1.04818114000000
1.04797608000000
1.04923373000000
1.05227655000000
1.05736393000000
1.06466279000000
1.07421669000000
1.08591478000000
1.09946282000000
1.11436267000000
1.12991128000000
1.14523359000000
1.15935827000000
1.17133116000000
1.18034152000000
1.18582564000000
1.18751948000000
1.18545198000000
1.17989292000000
1.17127861000000
1.16013755000000
1.14702914000000
1.13250019000000
1.11705794000000
1.10115580000000
1.08518759000000
1.06948644000000
1.05432579000000
1.03992065000000
1.02642805000000
1.01394638000000
1.00251352000000
0.992104360000000
0.982628470000000
0.973928900000000
0.965783420000000
0.957909400000000
0.949973530000000
0.941607760000000
0.932432280000000
0.922086300000000
0.910265270000000
0.896760710000000
0.881494730000000
0.864539790000000
0.846115690000000
0.826563430000000
0.806303410000000
0.785790870000000
0.765479540000000
0.745798820000000
0.727143840000000
0.709874090000000
0.694315800000000
0.680764020000000
0.669481900000000
0.660695950000000
0.654587520000000
0.651281710000000
0.650836100000000
0.653232190000000
0.658372200000000
0.666083140000000
0.676128360000000
0.688225390000000
0.702067510000000
0.717346230000000
0.733772070000000
0.751092000000000
0.769102470000000
0.787657700000000
0.806672740000000
0.826120640000000
0.846022590000000
0.866429510000000
0.887394400000000
0.908937050000000
0.931006640000000
0.953452510000000
0.976014910000000
0.998343130000000
1.02003821000000
1.04070738000000
1.06001373000000
1.07770963000000
1.09365088000000
1.10779486000000
1.12018903000000
1.13095514000000
1.14027274000000
1.14836369000000
1.15547801000000
1.16188086000000
1.16784020000000
1.17361489000000
1.17944333000000
1.18553280000000
1.19204994000000
1.19911298000000
1.20678570000000
1.21507367000000
1.22392234000000
1.23321710000000
1.24278468000000
1.25239533000000
1.26176518000000
1.27055787000000
1.27838560000000
1.28481062000000
1.28935082000000
1.29149557000000
1.29073874000000
1.28663242000000
1.27885484000000
1.26727319000000
1.25197708000000
1.23326733000000
1.21160486000000
1.18753989000000
1.16164389000000
1.13445825000000
1.10646316000000
1.07806346000000
1.04958591000000
1.02128307000000
0.993340150000000
0.965883070000000
0.938986800000000
0.912683650000000
0.886971650000000
0.861823130000000
0.837193310000000
0.813028970000000
0.789276540000000
0.765889280000000
0.742833050000000
0.720090260000000
0.697661880000000
0.675567710000000
0.653845210000000
0.632547660000000
0.611742220000000
0.591508570000000
0.571938750000000
0.553138460000000
0.535229930000000
0.518356360000000
0.502687570000000
0.488426680000000
0.475817190000000
0.465149890000000
0.456768060000000
0.451068550000000
0.448494940000000
0.449518040000000
0.454599680000000
0.464138120000000
0.478399680000000
0.497449230000000
0.521098150000000
0.548888720000000
0.580123900000000
0.613936720000000
0.649380300000000
0.685516060000000
0.721482730000000
0.756539260000000
0.790082980000000
0.821649460000000
0.850901210000000
0.877611010000000
0.901644070000000
0.922940960000000
0.941502500000000
0.957376980000000
0.970649490000000
0.981433460000000
0.989864140000000
0.996093750000000
1.00028839000000
1.00262633000000
1.00329767000000
1.00250522000000
1.00046646000000
0.997416390000000
0.993611040000000
0.989331340000000
0.984886450000000
0.980615680000000
0.976887400000000
0.974093230000000
0.972636090000000
0.972911230000000
0.975280990000000
0.980045260000000
0.987410040000000
0.997456010000000
1.01010790000000
1.02510566000000
1.04198256000000
1.06006150000000
1.07848580000000
1.09629592000000
1.11254638000000
1.12643470000000
1.13740325000000
1.14518498000000
1.14978953000000
1.15144764000000
1.15053925000000
1.14752573000000
1.14289649000000
1.13713206000000
1.13068124000000
1.12394827000000
1.11728629000000
1.11099415000000
1.10531455000000
1.10043260000000
1.09647396000000
1.09350295000000
1.09152073000000
1.09046408000000
1.09020539000000
1.09055388000000
1.09125808000000
1.09200913000000
1.09244466000000
1.09215395000000
1.09068674000000
1.08757023000000
1.08234001000000
1.07458849000000
1.06402765000000
1.05055143000000
1.03427490000000
1.01553047000000
0.994819150000000
0.972734820000000
0.949888470000000
0.926851600000000
0.904124510000000
0.882124830000000
0.861188140000000
0.841573800000000
0.823471570000000
0.807007170000000
0.792246450000000
0.779198670000000
0.767819960000000
0.758017640000000
0.749656320000000
0.742565940000000
0.736551810000000
0.731406190000000
0.726920940000000
0.722900400000000
0.719173930000000
0.715607260000000
0.712112470000000
0.708656080000000
0.705265640000000
0.702035130000000
0.699129630000000
0.696789460000000
0.695332930000000
0.695155100000000
0.696718070000000
0.700526450000000
0.707081910000000
0.716815560000000
0.730006520000000
0.746706760000000
0.766699190000000
0.789509110000000
0.814469830000000
0.840821900000000
0.867814660000000
0.894784770000000
0.921200670000000
0.946675300000000
0.970956410000000
0.993904810000000
1.01546849000000
1.03565756000000
1.05452254000000
1.07213683000000
1.08858353000000
1.10394604000000
1.11830197000000
1.13171988000000
1.14425806000000
1.15596514000000
1.16688198000000
1.17704456000000
1.18648773000000
1.19524960000000
1.20337645000000
1.21092801000000
1.21798281000000
1.22464289000000
1.23103696000000
1.23731989000000
1.24366613000000
1.25025357000000
1.25723497000000
1.26469613000000
1.27260398000000
1.28075417000000
1.28873476000000
1.29592642000000
1.30155521000000
1.30479756000000
1.30491249000000
1.30135973000000
1.29386666000000
1.28243132000000
1.26727541000000
1.24877346000000
1.22738238000000
1.20358497000000
1.17785137000000
1.15061662000000
1.12226997000000
1.09315206000000
1.06355644000000
1.03373333000000
1.00389422000000
0.974216380000000
0.944847090000000
0.915907110000000
0.887493600000000
0.859682310000000
0.832529240000000
0.806071730000000
0.780329240000000
0.755304120000000
0.730982750000000
0.707337700000000
0.684331630000000
0.661923290000000
0.640075790000000
0.618766120000000
0.597994300000000
0.577790100000000
0.558215780000000
0.539364810000000
0.521358110000000
0.504340330000000
0.488478190000000
0.473962280000000
0.461012300000000
0.449884810000000
0.440882170000000
0.434360220000000
0.430731660000000
0.430460480000000
0.434041430000000
0.441958860000000
0.454621490000000
0.472277740000000
0.494927430000000
0.522256480000000
0.553623040000000
0.588109000000000
0.624626700000000
0.662048910000000
0.699325710000000
0.735564170000000
0.770064420000000
0.802320220000000
0.831997130000000
0.858900860000000
0.882944380000000
0.904118790000000
0.922469950000000
0.938081330000000
0.951062280000000
0.961540820000000
0.969659500000000
0.975573290000000
0.979448570000000
0.981462550000000
0.981803330000000
0.980670260000000
0.978275180000000
0.974844410000000
0.970621790000000
0.965872370000000
0.960886720000000
0.955984710000000
0.951517910000000
0.947868520000000
0.945442800000000
0.944656840000000
0.945913440000000
0.949570960000000
0.955906580000000
0.965078050000000
0.977087150000000
0.991747740000000
1.00866263000000
1.02721847000000
1.04661236000000
1.06592091000000
1.08420803000000
1.10064724000000
1.11462325000000
1.12578541000000
1.13404653000000
1.13954074000000
1.14256210000000
1.14350246000000
1.14279945000000
1.14089787000000
1.13822357000000
1.13516703000000
1.13207357000000
1.12923756000000
1.12689904000000
1.12524149000000
1.12439027000000
1.12441163000000
1.12531244000000
1.12704085000000
1.12948805000000
1.13249091000000
1.13583486000000
1.13925614000000
1.14244246000000
1.14503186000000
1.14661124000000
1.14671924000000
1.14486082000000
1.14054245000000
1.13333276000000
1.12294146000000
1.10929308000000
1.09256385000000
1.07316141000000
1.05165460000000
1.02868278000000
1.00487582000000
0.980801030000000
0.956937610000000
0.933670330000000
0.911293870000000
0.890021040000000
0.869991630000000
0.851280370000000
0.833904090000000
0.817828420000000
0.802974800000000
0.789228120000000
0.776445450000000
0.764465750000000
0.753120330000000
0.742243510000000
0.731683020000000
0.721309430000000
0.711023990000000
0.700764740000000
0.690510680000000
0.680284640000000
0.670155370000000
0.660239980000000
0.650707440000000
0.641783590000000
0.633757230000000
0.626985330000000
0.621894290000000
0.618972030000000
0.618745490000000
0.621738790000000
0.628411590000000
0.639084490000000
0.653867280000000
0.672612030000000
0.694910280000000
0.720139730000000
0.747547660000000
0.776346180000000
0.805794580000000
0.835254270000000
0.864213940000000
0.892290770000000
0.919216610000000
0.944817090000000
0.968989340000000
0.991681590000000
1.01287620000000
1.03257655000000
1.05079773000000
1.06756040000000
1.08288751000000
1.09680329000000
1.10933394000000
1.12050966000000
1.13036758000000
1.13895539000000
1.14633535000000
1.15258876000000
1.15782077000000
1.16216533000000
1.16579012000000
1.16890031000000
1.17174019000000
1.17459044000000
1.17775896000000
1.18156304000000
1.18630165000000
1.19221826000000
1.19945668000000
1.20801447000000
1.21770093000000
1.22810931000000
1.23861566000000
1.24841640000000
1.25660957000000
1.26230916000000
1.26476597000000
1.26346154000000
1.25815204000000
1.24885849000000
1.23581795000000
1.21941728000000
1.20012792000000
1.17845252000000
1.15488681000000
1.12989564000000
1.10389999000000
1.07727165000000
1.05033270000000
1.02335763000000
0.996576600000000
0.970179020000000
0.944316600000000
0.919105650000000
0.894628390000000
0.870933240000000
0.848034350000000
0.825910980000000
0.804507600000000
0.783735950000000
0.763480630000000
0.743609120000000
0.723986520000000
0.704493750000000
0.685046420000000
0.665610560000000
0.646211650000000
0.626934870000000
0.607917370000000
0.589335800000000
0.571393530000000
0.554311340000000
0.538323420000000
0.523678760000000
0.510646610000000
0.499523860000000
0.490642150000000
0.484371630000000
0.481118130000000
0.481309430000000
0.485367060000000
0.493661320000000
0.506452350000000
0.523826370000000
0.545643240000000
0.571513340000000
0.600816140000000
0.632759180000000
0.666462460000000
0.701046110000000
0.735701800000000
0.769737670000000
0.802596260000000
0.833851380000000
0.863192080000000
0.890401090000000
0.915333300000000
0.937897760000000
0.958044570000000
0.975757030000000
0.991047860000000
1.00395816000000
1.01455732000000
1.02294262000000
1.02923815000000
1.03359292000000
1.03617882000000
1.03718888000000
1.03683643000000
1.03535525000000
1.03300077000000
1.03005194000000
1.02681322000000
1.02361558000000
1.02081535000000
1.01878922000000
1.01792381000000
1.01859876000000
1.02116344000000
1.02590821000000
1.03303250000000
1.04261140000000
1.05456246000000
1.06861517000000
1.08428896000000
1.10089127000000
1.11755041000000
1.13329293000000
1.14715920000000
1.15833095000000
1.16623417000000
1.17058932000000
1.17140291000000
1.16891557000000
1.16353031000000
1.15574176000000
1.14607824000000
1.13506059000000
1.12317616000000
1.11086437000000
1.09851002000000
1.08644084000000
1.07492709000000
1.06418146000000
1.05435842000000
1.04555266000000
1.03779680000000
1.03105869000000
1.02523898000000
1.02016988000000
1.01561579000000
1.01127678000000
1.00679576000000
1.00177068000000
0.995773710000000
0.988379480000000
0.979203820000000
0.967951030000000
0.954462170000000
0.938751140000000
0.921014530000000
0.901608880000000
0.881001740000000
0.859712880000000
0.838262800000000
0.817137990000000
0.796773820000000
0.777549960000000
0.759792480000000
0.743777420000000
0.729733000000000
0.717839200000000
0.708224860000000
0.700963270000000
0.696067980000000
0.693490550000000
0.693121760000000
0.694797220000000
0.698307410000000
0.703411450000000
0.709853230000000
0.717378590000000
0.725752250000000
0.734773530000000
0.744290320000000
0.754210900000000
0.764513240000000
0.775250830000000
0.786553930000000
0.798623630000000
0.811715580000000
0.826109510000000
0.842062560000000
0.859749500000000
0.879201570000000
0.900263820000000
0.922590480000000
0.945685730000000
0.968978420000000
0.991905720000000
1.01398181000000
1.03483876000000
1.05423973000000
1.07207189000000
1.08832787000000
1.10308314000000
1.11647319000000
1.12867294000000
1.13987870000000
1.15029295000000
1.16011167000000
1.16951423000000
1.17865573000000
1.18766196000000
1.19662677000000
1.20561187000000
1.21464873000000
1.22374205000000
1.23287430000000
1.24201040000000
1.25110165000000
1.26008790000000
1.26889664000000
1.27743781000000
1.28559293000000
1.29319792000000
1.30001993000000
1.30573270000000
1.30989995000000
1.31198280000000
1.31138647000000
1.30754900000000
1.30005042000000
1.28870147000000
1.27357611000000
1.25498033000000
1.23337882000000
1.20931170000000
1.18332481000000
1.15592316000000
1.12754610000000
1.09855878000000
1.06925364000000
1.03985749000000
1.01054103000000
0.981429090000000
0.952610570000000
0.924147490000000
0.896082930000000
0.868447580000000
0.841264830000000
0.814554540000000
0.788335470000000
0.762626580000000
0.737447620000000
0.712819170000000
0.688762530000000
0.665299800000000
0.642454340000000
0.620251970000000
0.598723020000000
0.577905420000000
0.557848530000000
0.538617660000000
0.520298600000000
0.503001880000000
0.486866610000000
0.472064420000000
0.458804060000000
0.447336940000000
0.437963210000000
0.431036430000000
0.426964230000000
0.426200440000000
0.429223980000000
0.436499870000000
0.448420570000000
0.465231990000000
0.486957230000000
0.513338430000000
0.543818790000000
0.577577160000000
0.613610350000000
0.650841850000000
0.688228900000000
0.724845370000000
0.759930220000000
0.792903360000000
0.823357380000000
0.851035230000000
0.875802530000000
0.897619860000000
0.916518360000000
0.932579710000000
0.945920740000000
0.956682030000000
0.965020190000000
0.971102890000000
0.975106200000000
0.977213620000000
0.977616410000000
0.976514840000000
0.974120280000000
0.970657920000000
0.966370200000000
0.961520670000000
0.956398080000000
0.951319820000000
0.946633800000000
0.942717030000000
0.939969180000000
0.938799480000000
0.939606050000000
0.942748190000000
0.948513840000000
0.957084730000000
0.968501920000000
0.982633270000000
0.999146130000000
1.01749318000000
1.03692543000000
1.05654670000000
1.07541235000000
1.09265352000000
1.10759135000000
1.11980713000000
1.12915480000000
1.13572539000000
1.13978578000000
1.14171334000000
1.14193970000000
1.14090879000000
1.13904848000000
1.13675277000000
1.13437132000000
1.13220329000000
1.13049366000000
1.12943085000000
1.12914504000000
1.12970717000000
1.13112887000000
1.13336347000000
1.13630839000000
1.13980854000000
1.14366016000000
1.14761385000000
1.15137577000000
1.15460605000000
1.15691573000000
1.15786552000000
1.15697364000000
1.15374193000000
1.14770776000000
1.13851992000000
1.12602015000000
1.11029834000000
1.09169347000000
1.07073673000000
1.04806157000000
1.02431495000000
1.00009297000000
0.975906100000000
0.952167640000000
0.929195850000000
0.907222020000000
0.886400190000000
0.866816200000000
0.848495940000000
0.831412980000000
0.815496150000000
0.800637710000000
0.786702210000000
0.773536320000000
0.760979150000000
0.748872810000000
0.737072510000000
0.725455510000000
0.713928470000000
0.702432810000000
0.690948140000000
0.679494120000000
0.668131750000000
0.656964770000000
0.646142440000000
0.635864010000000
0.626384830000000
0.618023040000000
0.611164140000000
0.606259420000000
0.603813080000000
0.604352670000000
0.608380080000000
0.616304840000000
0.628370140000000
0.644589730000000
0.664717030000000
0.688260810000000
0.714546020000000
0.742801860000000
0.772251930000000
0.802185770000000
0.832002010000000
0.861224380000000
0.889497480000000
0.916570920000000
0.942278540000000
0.966517610000000
0.989230420000000
1.01038942000000
1.02998617000000
1.04802377000000
1.06451234000000
1.07946709000000
1.09290816000000
1.10486199000000
1.11536355000000
1.12445923000000
1.13221006000000
1.13869546000000
1.14401715000000
1.14830361000000
1.15171463000000
1.15444559000000
1.15673042000000
1.15884176000000
1.16108630000000
1.16379318000000
1.16729376000000
1.17189219000000
1.17782795000000
1.18523311000000
1.19408883000000
1.20418698000000
1.21510534000000
1.22620778000000
1.23668097000000
1.24561307000000
1.25210544000000
1.25539239000000
1.25493668000000
1.25047655000000
1.24201944000000
1.22979519000000
1.21419002000000
1.19568023000000
1.17477691000000
1.15198603000000
1.12778297000000
1.10259850000000
1.07681291000000
1.05075519000000
1.02470502000000
0.998896080000000
0.973519440000000
0.948726520000000
0.924631000000000
0.901309670000000
0.878802110000000
0.857109730000000
0.836194720000000
0.815980290000000
0.796353420000000
0.777171960000000
0.758276790000000
0.739509220000000
0.720731650000000
0.701848610000000
0.682823500000000
0.663687560000000
0.644538910000000
0.625532700000000
0.606866290000000
0.588764160000000
0.571466810000000
0.555225620000000
0.540303460000000
0.526979640000000
0.515556850000000
0.506367510000000
0.499776780000000
0.496178750000000
0.495982330000000
0.499583570000000
0.507323450000000
0.519434170000000
0.535983080000000
0.556828320000000
0.581601600000000
0.609727260000000
0.640475700000000
0.673037900000000
0.706602260000000
0.740417480000000
0.773832730000000
0.806314360000000
0.837444150000000
0.866905620000000
0.894465240000000
0.919953470000000
0.943249020000000
0.964267970000000
0.982958040000000
0.999296930000000
1.01329322000000
1.02498775000000
1.03445425000000
1.04179848000000
1.04715618000000
1.05069034000000
1.05258872000000
1.05306212000000
1.05234366000000
1.05068917000000
1.04837823000000
1.04571534000000
1.04303014000000
1.04067550000000
1.03902198000000
1.03844721000000
1.03931955000000
1.04197586000000
1.04669460000000
1.05366579000000
1.06295946000000
1.07449369000000
1.08800460000000
1.10302375000000
1.11887371000000
1.13469626000000
1.14952378000000
1.16239020000000
1.17245830000000
1.17912791000000
1.18209457000000
1.18134871000000
1.17712727000000
1.16984141000000
1.16000221000000
1.14815860000000
1.13485255000000
1.12059078000000
1.10582923000000
1.09096627000000
1.07634081000000
1.06223274000000
1.04886378000000
1.03639762000000
1.02493913000000
1.01453234000000
1.00515783000000
0.996730160000000
0.989096420000000
0.982036770000000
0.975268450000000
0.968454100000000
0.961216000000000
0.953157300000000
0.943891520000000
0.933080020000000
0.920474410000000
0.905956370000000
0.889564340000000
0.871496890000000
0.852089590000000
0.831772040000000
0.811018600000000
0.790306020000000
0.770085450000000
0.750768980000000
0.732726530000000
0.716287910000000
0.701745450000000
0.689354600000000
0.679330970000000
0.671843970000000
0.667008220000000
0.664874600000000
0.665423560000000
0.668562900000000
0.674131560000000
0.681909990000000
0.691635840000000
0.703023330000000
0.715783720000000
0.729644970000000
0.744369010000000
0.759765740000000
0.775703280000000
0.792113980000000
0.808995500000000
0.826405260000000
0.844446440000000
0.863243310000000
0.882905340000000
0.903483000000000
0.924924340000000
0.947046070000000
0.969533120000000
0.991971420000000
1.01390539000000
1.03490171000000
1.05460118000000
1.07274908000000
1.08920394000000
1.10393072000000
1.11698539000000
1.12849639000000
1.13864628000000
1.14765482000000
1.15576369000000
1.16322273000000
1.17027737000000
1.17715708000000
1.18406520000000
1.19117029000000
1.19859927000000
1.20643289000000
1.21470328000000
1.22339373000000
1.23244030000000
1.24173466000000
1.25112733000000
1.26043023000000
1.26941727000000
1.27782186000000
1.28533105000000
1.29157776000000
1.29613520000000
1.29852177000000
1.29822629000000
1.29476100000000
1.28773769000000
1.27694593000000
1.26240301000000
1.24435419000000
1.22322534000000
1.19954954000000
1.17389379000000
1.14680229000000
1.11876138000000
1.09018282000000
1.06140005000000
1.03267169000000
1.00418898000000
0.976084560000000
0.948441820000000
0.921304190000000
0.894684210000000
0.868572390000000
0.842945590000000
0.817774710000000
0.793031350000000
0.768693090000000
0.744747310000000
0.721193290000000
0.698042910000000
0.675320230000000
0.653060350000000
0.631308210000000
0.610117740000000
0.589551920000000
0.569683910000000
0.550599540000000
0.532400990000000
0.515211580000000
0.499181240000000
0.484492690000000
0.471367850000000
0.460074420000000
0.450931650000000
0.444313430000000
0.440645440000000
0.440392020000000
0.444027890000000
0.451991530000000
0.464621400000000
0.482083510000000
0.504306710000000
0.530945800000000
0.561388270000000
0.594806790000000
0.630244690000000
0.666711910000000
0.703269710000000
0.739090680000000
0.773491070000000
0.805939410000000
0.836048810000000
0.863560120000000
0.888321400000000
0.910267230000000
0.929399960000000
0.945773630000000
0.959480870000000
0.970642630000000
0.979400540000000
0.985911520000000
0.990344360000000
0.992878000000000
0.993701200000000
0.993013520000000
0.991027220000000
0.987970110000000
0.984089070000000
0.979653970000000
0.974961540000000
0.970338140000000
0.966140390000000
0.962751810000000
0.960573790000000
0.960009810000000
0.961442680000000
0.965206210000000
0.971553700000000
0.980625580000000
0.992417540000000
1.00675006000000
1.02324262000000
1.04130157000000
1.06013679000000
1.07882187000000
1.09639876000000
1.11200612000000
1.12499345000000
1.13498691000000
1.14189468000000
1.14586386000000
1.14721337000000
1.14636503000000
1.14378621000000
1.13994823000000
1.13529938000000
1.13024890000000
1.12515820000000
1.12033621000000
1.11603673000000
1.11245663000000
1.10973403000000
1.10794669000000
1.10711069000000
1.10717981000000
1.10804611000000
1.10954169000000
1.11144138000000
1.11346574000000
1.11528358000000
1.11651411000000
1.11673021000000
1.11546696000000
1.11224182000000
1.10659315000000
1.09813934000000
1.08664982000000
1.07210645000000
1.05472841000000
1.03494558000000
1.01332942000000
0.990508280000000
0.967094660000000
0.943638030000000
0.920602890000000
0.898364240000000
0.877212120000000
0.857359210000000
0.838948340000000
0.822058910000000
0.806712200000000
0.792876350000000
0.780471810000000
0.769377810000000
0.759440400000000
0.750481930000000
0.742311920000000
0.734738720000000
0.727581370000000
0.720680910000000
0.713910570000000
0.707184300000000
0.700463390000000
0.693761500000000
0.687148640000000
0.680754800000000
0.674774050000000
0.669469150000000
0.665175700000000
0.662303000000000
0.661327050000000
0.662769050000000
0.667153660000000
0.674944990000000
0.686467300000000
0.701828090000000
0.720868630000000
0.743163440000000
0.768073630000000
0.794838570000000
0.822677270000000
0.850872940000000
0.878826190000000
0.906076250000000
0.932297590000000
0.957282140000000
0.980915370000000
1.00315186000000
1.02399357000000
1.04347203000000
1.06163460000000
1.07853470000000
1.09422522000000
1.10875485000000
1.12216659000000
1.13449807000000
1.14578336000000
1.15605593000000
1.16535245000000
1.17371738000000
1.18120804000000
1.18790012000000
1.19389337000000
1.19931694000000
1.20433361000000
1.20914129000000
1.21396965000000
1.21906890000000
1.22468808000000
1.23104117000000
1.23826188000000
1.24635148000000
1.25512895000000
1.26419688000000
1.27293996000000
1.28056978000000
1.28621843000000
1.28906314000000
1.28844791000000
1.28396615000000
1.27548576000000
1.26312110000000
1.24717305000000
1.22806009000000
1.20625707000000
1.18224909000000
1.15650105000000
1.12944033000000
1.10144879000000
1.07286074000000
1.04396445000000
1.01500538000000
0.986190060000000
0.957689840000000
0.929644350000000
0.902164250000000
0.875333240000000
0.849209440000000
0.823826030000000
0.799191610000000
0.775290650000000
0.752084800000000
0.729516030000000
0.707512460000000
0.685997480000000
0.664901680000000
0.644176160000000
0.623804370000000
0.603810080000000
0.584259350000000
0.565257000000000
0.546939600000000
0.529468220000000
0.513023890000000
0.497807000000000
0.484041020000000
0.471979370000000
0.461914000000000
0.454183430000000
0.449177410000000
0.447334210000000
0.449125280000000
0.455022100000000
0.465441430000000
0.480671440000000
0.500790280000000
0.525598890000000
0.554593620000000
0.586995440000000
0.621832920000000
0.658055630000000
0.694645970000000
0.730703940000000
0.765493920000000
0.798456760000000
0.829197230000000
0.857458620000000
0.883093300000000
0.906035190000000
0.926277090000000
0.943853790000000
0.958830720000000
0.971297090000000
0.981362160000000
0.989153260000000
0.994814580000000
0.998506190000000
1.00040319000000
1.00069520000000
0.999586470000000
0.997296890000000
0.994063970000000
0.990145760000000
0.985824350000000
0.981409300000000
0.977240070000000
0.973685660000000
0.971139700000000
0.970008880000000
0.970693360000000
0.973559330000000
0.978905380000000
0.986926060000000
0.997675340000000
1.01103269000000
1.02667489000000
1.04406110000000
1.06244400000000
1.08092082000000
1.09852814000000
1.11436453000000
1.12770817000000
1.13809537000000
1.14534276000000
1.14951900000000
1.15088628000000
1.14983349000000
1.14681617000000
1.14231006000000
1.13677895000000
1.13065436000000
1.12432369000000
1.11812385000000
1.11233780000000
1.10719250000000
1.10285732000000
1.09944237000000
1.09699695000000
1.09550816000000
1.09490020000000
1.09503451000000
1.09571097000000
1.09666975000000
1.09759369000000
1.09811111000000
1.09780040000000
1.09619952000000
1.09282582000000
1.08721216000000
1.07896209000000
1.06781750000000
1.05372004000000
1.03684129000000
1.01756501000000
0.996426370000000
0.974031890000000
0.950986750000000
0.927845040000000
0.905084600000000
0.883099940000000
0.862204930000000
0.842639240000000
0.824574880000000
0.808121450000000
0.793330210000000
0.780197520000000
0.768668600000000
0.758642420000000
0.749978230000000
0.742504100000000
0.736027050000000
0.730344660000000
0.725257330000000
0.720580620000000
0.716157100000000
0.711866910000000
0.707636970000000
0.703448550000000
0.699343530000000
0.695429770000000
0.691886080000000
0.688966750000000
0.687004380000000
0.686408410000000
0.687654090000000
0.691255600000000
0.697717860000000
0.707466790000000
0.720767620000000
0.737652250000000
0.757881720000000
0.780962140000000
0.806213200000000
0.832867610000000
0.860171270000000
0.887459510000000
0.914199770000000
0.940003090000000
0.964614030000000
0.987888950000000
1.00977033000000
1.03026216000000
1.04940853000000
1.06727655000000
1.08394336000000
1.09948703000000
1.11398067000000
1.12748915000000
1.14006806000000
1.15176426000000
1.16261783000000
1.17266502000000
1.18194211000000
1.19048992000000
1.19835896000000
1.20561495000000
1.21234436000000
1.21865949000000
1.22470165000000
1.23064090000000
1.23666926000000
1.24298462000000
1.24976215000000
1.25711270000000
1.26503103000000
1.27334281000000
1.28166545000000
1.28940248000000
1.29578804000000
1.29998429000000
1.30121133000000
1.29887059000000
1.29262315000000
1.28240531000000
1.26839035000000
1.25092136000000
1.23043992000000
1.20742625000000
1.18235677000000
1.15567805000000
1.12779352000000
1.09905867000000
1.06978151000000
1.04022560000000
1.01061435000000
0.981135450000000
0.951945000000000
0.923171140000000
0.894916970000000
0.867262810000000
0.840267800000000
0.813971000000000
0.788392020000000
0.763531720000000
0.739373220000000
0.715884150000000
0.693020580000000
0.670733550000000
0.648977840000000
0.627722330000000
0.606960040000000
0.586715540000000
0.567048060000000
0.548050160000000
0.529843320000000
0.512573230000000
0.496407040000000
0.481534140000000
0.468170590000000
0.456566430000000
0.447014410000000
0.439858050000000
0.435496140000000
0.434379250000000
0.436992950000000
0.443821680000000
0.455289590000000
0.471680840000000
0.493052470000000
0.519164080000000
0.549452210000000
0.583067160000000
0.618967130000000
0.656042710000000
0.693235910000000
0.729626950000000
0.764479070000000
0.797246320000000
0.827556530000000
0.855182090000000
0.880007800000000
0.902001390000000
0.921189490000000
0.937639640000000
0.951447920000000
0.962731200000000
0.971622720000000
0.978269760000000
0.982832360000000
0.985482700000000
0.986404700000000
0.985794200000000
0.983859760000000