4000
4001.19996000000
4004.79936003000
4010.79676039000
4019.18976218000
4029.97500833000
4043.14818488000
4058.70402272000
4076.63629975000
4096.93784327000
4119.60053295000
4144.61530402000
4171.97215089000
4201.66013119000
4233.66737014000
4267.98106525000
4304.58749151000
4343.47200683000
4384.61905793000
4428.01218654000
4473.63403598000
4521.46635813000
4571.49002068000
4623.68501485000
4678.03046332000
4734.50462866000
4793.08492193000
4853.74791182000
4916.46933392000
4981.22410051000
5047.98631054000
5116.72926002000
5187.42545269000
5260.04661102000
5334.56368749000
5410.94687629000
5489.16562515000
5569.18864762000
5650.98393555000
5734.51877193000
5819.75974392000
5906.67275627000
5995.22304495000
6085.37519102000
6177.09313481000
6270.34019038000
6365.07906014000
6461.27184981000
6558.88008357000
6657.86471940000
6758.18616479000
6859.80429249000
6962.67845660000
7066.76750884000
7172.02981496000
7278.42327145000
7385.90532234000
7494.43297625000
7603.96282356000
7714.45105380000
7825.85347314000
7938.12552210000
8051.22229337000
8165.09854973000
8279.70874221000
8395.00702825000
8510.94729009000
8627.48315315000
8744.56800465000
8862.15501221000
8980.19714260000
9098.64718053000
9217.45774757000
9336.58132108000
9455.97025321000
9575.57678999000
9695.35309040000
9815.25124551000
9935.22329765000
10055.2212596000
10175.1971338000
10295.1029315000
10414.8906919000
10534.5125016000
10653.9205134000
10773.0669658000
10891.9042016000
11010.3846877000
11128.4610334000
11246.0860097000
11363.2125682000
11479.7938598000
11595.7832537000
11711.1343555000
11825.8010264000
11939.7374012000
12052.8979069000
12165.2372808000
12276.7105887000
12387.2732427000
12496.8810193000
12605.4900767000
12713.0569728000
12819.5386824000
12924.8926140000
13029.0766276000
13132.0490509000
13233.7686964000
13334.1948775000
13433.2874251000
13531.0067035000
13627.3136263000
13722.1696721000
13815.5368996000
13907.3779632000
13997.6561277000
14086.3352830000
14173.3799588000
14258.7553382000
14342.4272722000
14424.3622932000
14504.5276284000
14582.8912125000
14659.4217012000
14734.0884834000
14806.8616933000
14877.7122226000
14946.6117321000
15013.5326628000
15078.4482473000
15141.3325202000
15202.1603287000
15260.9073424000
15317.5500633000
15372.0658350000
15424.4328521000
15474.6301684000
15522.6377055000
15568.4362613000
15612.0075167000
15653.3340440000
15692.3993131000
15729.1876983000
15763.6844848000
15795.8758744000
15825.7489909000
15853.2918855000
15878.4935414000
15901.3438782000
15921.8337562000
15939.9549796000
15955.7003002000
15969.0634202000
15980.0389943000
15988.6226326000
15994.8109016000
15998.6013263000
15999.9923904000
15998.9835375000
15995.5751712000
15989.7686548000
15981.5663107000
15970.9714199000
15957.9882202000
15942.6219046000
15924.8786195000
15904.7654619000
15882.2904768000
15857.4626540000
15830.2919243000
15800.7891555000
15768.9661484000
15734.8356317000
15698.4112573000
15659.7075943000
15618.7401237000
15575.5252321000
15530.0802046000
15482.4232188000
15432.5733369000
15380.5504980000
15326.3755107000
15270.0700442000
15211.6566199000
15151.1586025000
15088.6001903000
15024.0064058000
14957.4030858000
14888.8168707000
14818.2751940000
14745.8062715000
14671.4390897000
14595.2033946000
14517.1296794000
14437.2491726000
14355.5938252000
14272.1962984000
14187.0899500000
14100.3088215000
14011.8876241000
13921.8617252000
13830.2671338000
13737.1404867000
13642.5190332000
13546.4406207000
13448.9436792000
13350.0672062000
13249.8507510000
13148.3343988000
13045.5587549000
12941.5649280000
12836.3945144000
12730.0895809000
12622.6926478000
12514.2466727000
12404.7950325000
12294.3815063000
12183.0502581000
12070.8458188000
11957.8130689000
11843.9972199000
11729.4437965000
11614.1986187000
11498.3077830000
11381.8176441000
11264.7747966000
11147.2260560000
11029.2184403000
10910.7991510000
10792.0155541000
10672.9151616000
10553.5456120000
10433.9546515000
10314.1901150000
10194.2999066000
10074.3319808000
9954.33432320000
9834.35493127000
9714.44179517000
9594.64287855000
9475.00609936000
9355.57931074000
9236.41028180000
9117.54667857000
8999.03604490000
8880.92578346000
8763.26313680000
8646.09516838000
8529.46874385000
8413.43051222000
8298.02688722000
8183.30402878000
8069.30782450000
7956.08387135000
7843.67745740000
7732.13354372000
7621.49674638000
7511.81131864000
7403.12113318000
7295.46966465000
7188.89997220000
7083.45468227000
6979.17597159000
6876.10555024000
6774.28464501000
6673.75398293000
6574.55377489000
6476.72369968000
6380.30288801000
6285.32990692000
6191.84274434000
6099.87879389000
6009.47483992000
5920.66704281000
5833.49092449000
5747.98135425000
5664.17253478000
5582.09798848000
5501.79054408000
5423.28232348000
5346.60472894000
5271.78843046000
5198.86335356000
5127.85866731000
5058.80277263000
4991.72329097000
4926.64705320000
4863.60008898000
4802.60761623000
4743.69403114000
4686.88289835000
4632.19694157000
4579.65803443000
4529.28719182000
4481.10456138000
4435.12941554000
4391.38014373000
4349.87424508000
4310.62832140000
4273.65807054000
4238.97828010000
4206.60282153000
4176.54464459000
4148.81577215000
4123.42729538000
4100.38936934000
4079.71120890000
4061.40108503000
4045.46632155000
4031.91329215000
4020.74741786000
4011.97316488000
4005.59404279000
4001.61260317000
4000.03043852000
4000.84818170000
4004.06550562000
4009.68112339000
4017.69278884000
4028.09729742000
4040.89048745000
4056.06724183000
4073.62149007000
4093.54621069000
4115.83343407000
4140.47424563000
4167.45878936000
4196.77627182000
4228.41496638000
4262.36221801000
4298.60444825000
4337.12716069000
4377.91494676000
4420.95149190000
4466.21958205000
4513.70111059000
4563.37708553000
4615.22763715000
4669.23202592000
4725.36865081000
4783.61505790000
4843.94794942000
4906.34319302000
4970.77583142000
5037.22009244000
5105.64939925000
5176.03638104000
5248.35288396000
5322.56998238000
5398.65799043000
5476.58647394000
5556.32426255000
5637.83946220000
5721.09946791000
5806.07097678000
5892.72000134000
5981.01188314000
6070.91130660000
6162.38231315000
6255.38831560000
6349.89211281000
6445.85590450000
6543.24130644000
6642.00936576000
6742.12057657000
6843.53489571000
6946.21175881000
7050.11009649000
7155.18835079000
7261.40449183000
7368.71603455000
7477.08005578000
7586.45321135000
7696.79175345000
7808.05154814000
7920.18809299000
8033.15653487000
8146.91168791000
8261.40805157000
8376.59982883000
8492.44094451000
8608.88506371000
8725.88561034000
8843.39578573000
8961.36858739000
9079.75682777000
9198.51315315000
9317.59006258000
9436.93992689000
9556.51500771000
9676.26747662000
9796.14943423000
9916.11292934000
10036.1099782000
10156.0925835000
10276.0127538000
10395.8225228000
10515.4739680000
10634.9192305000
10754.1105337000
10873.0002029000
10991.5406835000
11109.6845611000
11227.3845797000
11344.5936608000
11461.2649224000
11577.3516975000
11692.8075530000
11807.5863080000
11921.6420525000
12034.9291659000
12147.4023347000
12259.0165713000
12369.7272313000
12479.4900320000
12588.2610698000
12695.9968377000
12802.6542428000
12908.1906235000
13012.5637668000
13043.6426247000
13043.6426247000
13043.6426247000
13043.6426247000
13043.6426247000
13043.6426247000
13043.6426247000
13043.6426247000
13043.6426247000
13043.6426247000
13043.6426247000
13043.6426247000
13043.6426247000
13043.6426247000
13043.6426247000
13043.6426247000
13043.6426247000
13043.6426247000
13043.6426247000
13043.6426247000
13043.6426247000
13043.6426247000
13043.6426247000
13043.6426247000
13043.6426247000
13043.6426247000
13043.6426247000
13043.6426247000
13043.6426247000
13043.6426247000
13043.6426247000
13043.6426247000
13043.6426247000
13043.6426247000
13043.6426247000
13043.6426247000
13043.6426247000
13043.6426247000
13043.6426247000
13043.6426247000
13043.6426247000
13043.6426247000
13043.6426247000
13043.6426247000
13043.6426247000
13043.6426247000
13043.6426247000
13043.6426247000
13043.6426247000
13043.6426247000
13043.6426247000
13043.6426247000
13043.6426247000
13043.6426247000
13043.6426247000
13043.6426247000
13043.6426247000
13043.6426247000
13043.6426247000
13043.6426247000
13043.6426247000
13043.6426247000
13043.6426247000
13043.6426247000
13043.6426247000
13043.6426247000
13043.6426247000
13043.6426247000
13043.6426247000
13043.6426247000
13043.6426247000
13043.6426247000
13043.6426247000
13043.6426247000
13043.6426247000
13043.6426247000
13043.6426247000
13043.6426247000
13043.6426247000
13043.6426247000
13043.6426247000
13043.6426247000
13043.6426247000
13043.6426247000
13043.6426247000
13043.6426247000
13043.6426247000
13043.6426247000
13043.6426247000
13043.6426247000
13043.6426247000
13043.6426247000
13043.6426247000
13043.6426247000
13043.6426247000
13043.6426247000
13043.6426247000
13043.6426247000
13043.6426247000
13043.6426247000
13043.6426247000
13043.6426247000
13043.6426247000
13043.6426247000
12958.2073965000
12853.2215680000
12747.0944889000
12639.8686087000
12531.5868162000
12422.2924228000
12312.0291446000
12200.8410857000
12088.7727196000
11975.8688724000
11862.1747039000
11747.7356903000
11632.5976058000
11516.8065040000
11400.4086999000
11283.4507509000
11165.9794387000
11048.0417503000
10929.6848592000
10810.9561066000
10691.9029823000
10572.5731060000
10453.0142081000
10333.2741106000
10213.4007079000
10093.4419478000
9973.44581207000
9853.46029771000
9733.53339727000
9613.71307992000
9494.04727219000
9374.58383881000
9255.37056355000
9136.45513013000
9017.88510315000
8899.70790904000
8781.97081709000
8664.72092057000
8548.00511788000
8431.87009379000
8316.36230075000
8201.52794034000
8087.41294477000
7974.06295853000
7861.52332009000
7749.83904381000
7639.05480191000
7529.21490661000
7420.36329241000
7312.54349849000
7205.79865135000
7100.17144748000
6995.70413638000
6892.43850356000
6790.41585390000
6689.67699512000
6590.26222139000
6492.21129732000
6395.56344195000
6300.35731316000
6206.63099210000
6114.42196808000
6023.76712346000
5934.70271897000
5847.26437919000
5761.48707830000
5677.40512605000
5595.05215413000
5514.46110261000
5435.66420684000
5358.69298454000
5283.57822315000
5210.34996760000
5139.03750819000
5069.66936897000
5002.27329626000
4936.87624761000
4873.50438094000
4812.18304417000
4752.93676501000
4695.78924119000
4640.76333094000
4587.88104391000
4537.16353231000
4488.63108245000
4442.30310667000
4398.19813555000
4356.33381049000
4316.72687665000
4279.39317629000
4244.34764238000
4211.60429268000
4181.17622408000
4153.07560741000
4127.31368254000
4103.90075389000
4082.84618633000
4064.15840140000
4047.84487396000
4033.91212921000
4022.36574007000
4013.21032493000
4006.44954583000
4002.08610701000
4000.12175377000
4000.55727183000
4003.39248699000
4008.62626521000
4016.25651303000
4026.28017847000
4038.69325218000
4053.49076911000
4070.66681045000
4090.21450601000
4112.12603697000
4136.39263901000
4163.00460582000
4191.95129295000
4223.22112213000
4256.80158584000
4292.67925234000
4330.83977104000
4371.26787825000
4413.94740325000
4458.86127482000
4505.99152799000
4555.31931130000
4606.82489429000
4660.48767541000
4716.28619028000
4774.19812021000
4834.20030123000
4896.26873324000
4960.37858972000
5026.50422756000
5094.61919740000
5164.69625416000
5236.70736794000
5310.62373527000
5386.41579058000
5464.05321806000
5543.50496378000
5624.73924809000
5707.72357836000
5792.42476198000
5878.80891959000
5966.84149868000
6056.48728740000
6147.71042862000
6240.47443431000
6334.74220010000
6430.47602014000
6527.63760218000
6626.18808288000
6726.08804336000
6827.29752498000
6929.77604528000
7033.48261423000
7138.37575058000
7244.41349848000
7351.55344423000
7459.75273330000
7568.96808740000
7679.15582185000
7790.27186303000
7902.27176601000
8015.11073231000
8128.74362785000
8243.12500098000
8358.20910070000
8473.94989488000
8590.30108876000
8707.21614341000
8824.64829436000
8942.55057033000
9060.87581196000
9179.57669075000
9298.60572793000
9417.91531346000
9537.45772511000
9657.18514750000
9777.04969126000
9897.00341217000
10016.9983303000
10136.9864494000
10256.9197757000
10376.7503375000
10496.4302043000
10615.9115055000
10735.1464504000
10854.0873465000
10972.6866190000
11090.8968299000
11208.6706965000
11325.9611110000
11442.7211588000
11558.9041373000
11674.4635749000
11789.3532495000
11903.5272066000
12016.9397782000
12129.5456007000
12241.2996335000
12352.1571762000
12462.0738875000
12571.0058020000
12678.9093485000
12785.7413669000
12891.4591260000
12996.0203399000
13099.3831857000
13201.5063195000
13302.3488935000
13401.8705720000
13500.0315475000
13596.7925572000
13692.1148977000
13785.9604416000
13878.2916517000
13969.0715969000
14058.2639663000
14145.8330843000
14231.7439243000
14315.9621232000
14398.4539948000
14479.1865434000
14558.1274772000
14635.2452207000
14710.5089279000
14783.8884944000
14855.3545692000
14924.8785670000
14992.4326790000
15057.9898844000
15121.5239614000
15183.0094971000
15242.4218981000
15299.7374002000
15354.9330780000
15407.9868540000
15458.8775074000
15507.5846825000
15554.0888972000
15598.3715504000
15640.4149296000
15680.2022180000
15717.7175013000
15752.9457739000
15785.8729448000
15816.4858437000
15844.7722258000
15870.7207769000
15894.3211180000
15915.5638093000
15934.4403539000
15950.9432015000
15965.0657511000
15976.8023540000
15986.1483156000
15993.0998977000
15997.6543198000
15999.8097601000
15999.5653565000
15996.9212067000
15991.8783685000
15984.4388587000
15974.6056532000
15962.3826852000
15947.7748435000
15930.7879712000
15911.4288628000
15889.7052616000
15865.6258569000
15839.2002801000
15810.4391010000
15779.3538237000
15745.9568819000
15710.2616341000
15672.2823576000
15632.0342439000
15589.5333916000
15544.7968004000
15497.8423645000
15448.6888649000
15397.3559624000
15343.8641895000
15288.2349422000
15230.4904714000
15170.6538741000
15108.7490843000
15044.8008629000
14978.8347884000
14910.8772464000
14840.9554190000
14769.0972740000
14695.3315536000
14619.6877633000
14542.1961594000
14462.8877376000
14381.7942202000
14298.9480436000
14214.3823450000
14128.1309497000
14040.2283571000
13950.7097270000
13859.6108657000
13766.9682115000
13672.8188202000
13577.2003504000
13480.1510481000
13381.7097319000
13281.9157768000
13180.8090991000
13078.4301403000
12974.8198504000
12870.0196722000
12764.0715245000
12657.0177850000
12548.9012738000
12439.7652360000
12329.6533247000
12218.6095832000
12106.6784274000
11993.9046283000
11880.3332939000
11766.0098513000
11650.9800283000
11535.2898353000
11418.9855468000
11302.1136831000
11184.7209912000
11066.8544267000
10948.5611347000
10829.8884309000
10710.8837828000
10591.5947906000
10472.0691684000
10352.3547248000
10232.4993441000
10112.5509667000
9992.55757037000
9872.56715096000
9752.62770299000
9632.78720063000
9513.09357850000
9393.59471245000
9274.33840043000
9155.37234337000
9036.74412611000
8918.50119836000
8800.69085571000
8683.36022073000
8566.55622411000
8450.32558588000
8334.71479675000
8219.77009951000
8105.53747048000
7992.06260121000
7879.39088013000
7767.56737442000
7656.63681200000
7546.64356361000
7437.63162508000
7329.64459973000
7222.72568094000
7116.91763485000
7012.26278327000
6908.80298674000
6806.57962779000
6705.63359442000
6606.00526368000
6507.73448559000
6410.86056714000
6315.42225660000
6221.45772804000
6129.00456601000
6038.09975054000
5948.77964234000
5861.07996827000
5775.03580703000
5690.68157513000
5608.05101315000
5527.17717220000
5448.09240075000
5370.82833164000
5295.41586948000
5221.88517825000
5150.26566924000
5080.58598929000
5012.87400936000
4947.15681334000
4883.46068721000
4821.81110860000
4762.23273650000
4704.74940146000
4649.38409607000
4596.15896569000
4545.09529968000
4496.21352282000
4449.53318716000
4405.07296423000
4362.85063751000
4322.88309538000
4285.18632431000
4249.77540252000
4216.66449390000
4185.86684237000
4157.39476658000
4131.25965498000
4107.47196128000
4086.04120022000
4066.97594384000
4050.28381796000
4035.97149924000
4024.04471239000
4014.50822798000
4007.36586048000
4002.62046673000
4000.27394482000
4000.32723335000
4002.78031099000
4007.63219654000
4014.88094931000
4024.52366991000
4036.55650137000
4050.97463071000
4067.77229088000
4086.94276304000
4108.47837926000
4132.37052557000
4158.60964543000
4187.18524356000
4218.08589008000
4251.29922516000
4286.81196389000
4324.60990167000
4364.67791982000
4406.99999166000
4451.55918893000
4498.33768855000
4547.31677974000
4598.47687152000
4651.79750052000
4707.25733922000
4764.83420442000
4824.50506613000
4886.24605681000
4950.03248088000
5015.83882463000
5083.63876640000
5153.40518710000
5225.11018112000
5298.72506739000
5374.22040096000
5451.56598469000
5530.73088138000
5611.68342613000
5694.39123900000
5778.82123796000
5864.93965215000
5952.71203534000
6042.10327976000
6133.07763009000
6225.59869782000
6319.62947574000
6415.13235279000
6512.06912911000
6610.40103128000
6710.08872783000
6811.09234503000
6913.37148278000
7016.88523077000
7121.59218490000
7227.45046378000
7334.41772551000
7442.45118460000
7551.50762912000
7661.54343794000
7772.51459821000
7884.37672294000
7997.08506877000
8110.59455387000
8224.85977596000
8339.83503047000
8455.47432883000
8571.73141686000
8688.55979329000
8805.91272831000
8923.74328232000
9042.00432467000
9160.64855251000
9279.62850975000
9398.89660597000
9518.40513554000
9638.10629663000
9757.95221037000
9877.89494001000
9997.88651004000
10117.8789254000
10237.8241908000
10357.6743297000
10477.3814037000
10596.8975314000
10716.1749081000
10835.1658244000
10953.8226854000
11072.0980301000
11189.9445499000
11307.3151078000
11424.1627570000
11540.4407601000
11656.1026075000
11771.1020359000
11885.3930471000
11998.9299262000
12111.6672600000
12223.5599550000
12334.5632557000
12444.6327623000
12553.7244483000
12661.7946786000
12768.8002265000
12874.6982912000
12979.4465150000
13083.0029999000
13093.2915038000
13093.2915038000
13093.2915038000
13093.2915038000
13093.2915038000
13093.2915038000
13093.2915038000
13093.2915038000
13093.2915038000
13093.2915038000
13093.2915038000
13093.2915038000
13093.2915038000
13093.2915038000
13093.2915038000
13093.2915038000
13093.2915038000
13093.2915038000
13093.2915038000
13093.2915038000
13093.2915038000
13093.2915038000
13093.2915038000
13093.2915038000
13093.2915038000
13093.2915038000
13093.2915038000
13093.2915038000
13093.2915038000
13093.2915038000
13093.2915038000
13093.2915038000
13093.2915038000
13093.2915038000
13093.2915038000
13093.2915038000
13093.2915038000
13093.2915038000
13093.2915038000
13093.2915038000
13093.2915038000
13093.2915038000
13093.2915038000
13093.2915038000
13093.2915038000
13093.2915038000
13093.2915038000
13093.2915038000
13093.2915038000
13093.2915038000
13093.2915038000
13093.2915038000
13093.2915038000
13093.2915038000
13093.2915038000
13093.2915038000
13093.2915038000
13093.2915038000
13093.2915038000
13093.2915038000
13093.2915038000
13093.2915038000
13093.2915038000
13093.2915038000
13093.2915038000
13093.2915038000
13093.2915038000
13093.2915038000
13093.2915038000
13093.2915038000
13093.2915038000
13093.2915038000
13093.2915038000
13093.2915038000
13093.2915038000
13093.2915038000
13093.2915038000
13093.2915038000
13093.2915038000
13093.2915038000
13093.2915038000
13093.2915038000
13093.2915038000
13093.2915038000
13093.2915038000
13093.2915038000
13093.2915038000
13093.2915038000
13093.2915038000
13093.2915038000
13093.2915038000
13093.2915038000
13093.2915038000
13093.2915038000
13093.2915038000
13093.2915038000
13093.2915038000
13093.2915038000
13093.2915038000
13093.2915038000
13093.2915038000
13093.2915038000
13093.2915038000
13093.2915038000
12886.7886568000
12781.0205153000
12674.1400027000
12566.1898697000
12457.2132950000
12347.2538678000
12236.3555703000
12124.5627604000
12011.9201537000
11898.4728058000
11784.2660940000
11669.3456997000
11553.7575893000
11437.5479966000
11320.7634038000
11203.4505233000
11085.6562786000
10967.4277859000
10848.8123350000
10729.8573705000
10610.6104727000
10491.1193390000
10371.4317640000
10251.5956212000
10131.6588436000
10011.6694042000
9891.67529716000
9771.72451858000
9651.86504715000
9532.14482505000
9412.61173879000
9293.31360000000
9174.29812635000
9055.61292244000
8937.30546076000
8819.42306274000
8702.01287975000
8585.12187430000
8468.79680123000
8353.08418903000
8238.03032120000
8123.68121774000
8010.08261678000
7897.27995624000
7785.31835568000
7674.24259826000
7564.09711278000
7454.92595598000
7346.77279486000
7239.68088925000
7133.69307448000
7028.85174426000
6925.19883373000
6822.77580267000
6721.62361893000
6621.78274203000
6523.29310699000
6426.19410835000
6330.52458442000
6236.32280172000
6143.62643973000
6052.47257574000
5962.89767009000
5874.93755154000
5788.62740298000
5704.00174730000
5621.09443364000
5539.93862382000
5460.56677909000
5383.01064712000
5307.30124934000
5233.46886848000
5161.54303653000
5091.55252285000
5023.52532271000
4957.48864609000
4893.46890678000
4831.49171183000
4771.58185127000
4713.76328827000
4658.05914946000
4604.49171578000
4553.08241346000
4503.85180556000
4456.81958365000
4412.00456000000
4369.42466003000
4329.09691511000
4291.03745582000
4255.26150543000
4221.78337383000
4190.61645185000
4161.77320583000
4135.26517269000
4111.10295528000
4089.29621817000
4069.85368376000
4052.78312882000
4038.09138133000
4025.78431779000
4015.86686087000
4008.34297742000
4003.21567689000
4000.48701014000
4000.15806859000
4002.22898381000
4006.69892747000
4013.56611165000
4022.82778957000
4034.48025668000
4048.51885214000
4064.93796072000
4083.73101497000
4104.89049794000
4128.40794611000
4154.27395281000
4182.47817199000
4213.00932233000
4245.85519179000
4281.00264245000
4318.43761580000
4358.14513835000
4400.10932762000
4444.31339849000
4490.73966993000
4539.36957205000
4590.18365353000
4643.16158942000
4698.28218925000
4755.52340552000
4814.86234250000
4876.27526541000
4939.73760989000
5005.22399186000
5072.70821764000
5142.16329444000
5213.56144115000
5286.87409946000
5362.07194530000
5439.12490051000
5518.00214496000
5598.67212879000
5681.10258508000
5765.26054275000
5851.11233975000
5938.62363649000
6027.75942963000
6118.48406603000
6210.76125705000
6304.55409305000
6399.82505814000
6496.53604520000
6594.64837113000
6694.12279231000
6794.91952030000
6896.99823774000
7000.31811451000
7104.83782405000
7210.51555985000
7317.30905224000
7425.17558524000
7534.07201367000
7643.95478042000
7754.77993384000
7866.50314535000
7979.07972716000
8092.46465013000
8206.61256181000
8321.47780456000
8437.01443380000
8553.17623643000
8669.91674927000
8787.18927768000
8904.94691420000
9023.14255737000
9141.72893048000
9260.65860058000
9379.88399738000
9499.35743231000
9619.03111759000
9738.85718535000
9858.78770675000
9978.77471119000
10098.7702055000
10218.7261930000
10338.5946929000
10458.3277595000
10577.8775011000
10697.1960994000
10816.2358285000
10934.9490742000
11053.2883528000
11171.2063300000
11288.6558403000
11405.5899055000
11521.9617534000
11637.7248370000
11752.8328524000
11867.2397581000
11980.8997927000
12093.7674939000
12205.7977160000
12316.9456484000
12427.1668334000
12536.4171841000
12644.6530017000
12751.8309933000
12857.9082893000
12962.8424600000
13066.5915333000
13169.1140109000
13270.3688850000
13370.3156553000
13468.9143442000
13566.1255136000
13661.9102804000
13756.2303319000
13849.0479413000
13940.3259829000
14030.0279466000
14118.1179529000
14204.5607669000
14289.3218127000
14372.3671869000
14453.6636725000
14533.1787521000
14610.8806206000
14686.7381983000
14760.7211433000
14832.7998632000
14902.9455277000
14971.1300793000
15037.3262451000
15101.5075477000
15163.6483152000
15223.7236922000
15281.7096494000
15337.5829932000
15391.3213750000
15442.9033000000
15492.3081364000
15539.5161227000
15584.5083764000
15627.2669012000
15667.7745943000
15706.0152531000
15741.9735820000
15775.6351979000
15806.9866367000
15836.0153584000
15862.7097517000
15887.0591392000
15909.0537816000
15928.6848813000
15945.9445861000
15960.8259923000
15973.3231476000
15983.4310533000
15991.1456663000
15996.4639010000
15999.3836300000
15999.9036856000
15998.0238597000
15993.7449042000
15987.0685307000
15977.9974096000
15966.5351693000
15952.6863944000
15936.4566243000
15917.8523508000
15896.8810152000
15873.5510058000
15847.8716543000
15819.8532322000
15789.5069463000
15756.8449349000
15721.8802622000
15684.6269137000
15645.0997903000
15603.3147022000
15559.2883629000
15513.0383825000
15464.5832601000
15413.9423773000
15361.1359898000
15306.1852193000
15249.1120455000
15189.9392969000
15128.6906418000
15065.3905787000
15000.0644270000
14932.7383162000
14863.4391758000
14792.1947246000
14719.0334594000
14643.9846438000
14567.0782962000
14488.3451781000
14407.8167819000
14325.5253177000
14241.5037010000
14155.7855395000
14068.4051191000
13979.3973909000
13888.7979568000
13796.6430554000
13702.9695474000
13607.8149009000
13511.2171766000
13413.2150122000
13313.8476073000
13213.1547076000
13111.1765888000
13007.9540409000
12903.5283514000
12797.9412894000
12691.2350881000
12583.4524287000
12474.6364227000
12364.8305952000
12254.0788669000
12142.4255372000
12029.9152658000
11916.5930554000
11802.5042333000
11687.6944336000
11572.2095785000
11456.0958607000
11339.3997238000
11222.1678450000
11104.4471153000
10986.2846215000
10867.7276270000
10748.8235530000
10629.6199595000
10510.1645265000
10390.5050345000
10270.6893457000
10150.7653847000
10030.7811196000
9910.78454245000
9790.82365030000
9670.94642590000
9551.20081854000
9431.63472487000
9312.29596974000
9193.23228704000
9074.49130067000
8956.12050545000
8838.16724810000
8720.67870836000
8603.70188009000
8487.28355244000
8371.47029120000
8256.30842014000
8141.84400245000
8028.12282239000
7915.19036691000
7803.09180749000
7691.87198205000
7581.57537704000
7472.24610964000
7363.92791009000
7256.66410423000
7150.49759615000
7045.47085104000
6941.62587820000
6839.00421422000
6737.64690642000
6637.59449635000
6538.88700366000
6441.56391002000
6345.66414336000
6251.22606233000
6158.28744089000
6066.88545324000
5977.05665898000
5888.83698842000
5802.26172824000
5717.36550741000
5634.18228327000
5552.74532800000
5473.08721531000
5395.23980738000
5319.23424212000
5245.10092077000
5172.86949564000
5102.56885835000
5034.22712823000
4967.87164104000
4903.52893810000
4841.22475564000
4780.98401449000
4722.83081015000
4666.78840312000
4612.87920962000
4561.12479262000
4511.54585317000
4464.16222221000
4418.99285255000
4376.05581133000
4335.36827281000
4296.94651145000
4260.80589545000
4226.96088056000
4195.42500435000
4166.21088075000
4139.33019501000
4114.79369905000
4092.61120714000
4072.79159199000
4055.34278117000
4040.27175397000
4027.58453862000
4017.28620982000
4009.38088676000
4003.87173148000
4000.76094755000
4000.04977926000
4001.73851106000