8189.0
8429.0
8345.0
7888.0
7564.0
7195.0
6799.0
6430.0
6184.0
6028.0
5921.0
5781.0
5862.0
6355.0
6901.0
7292.0
7558.0
7806.0
7933.0
7729.0
7519.0
7393.0
7326.0
7202.0
7136.0
7386.0
7583.0
7193.0
6805.0
6445.0
6068.0
5791.0
5598.0
5416.0
5315.0
5177.0
5163.0
5431.0
5757.0
6051.0
6341.0
6492.0
6396.0
6202.0
6045.0
6102.0
6161.0
6257.0
6269.0
6701.0
7008.0
6671.0
6342.0
5968.0
5568.0
5282.0
5163.0
5057.0
5067.0
5225.0
5641.0
6449.0
7102.0
7432.0
7700.0
7915.0
8058.0
7847.0
7480.0
7241.0
7201.0
7227.0
7249.0
7678.0
7724.0
7136.0
6775.0
6296.0
5883.0
5619.0
5439.0
5323.0
5320.0
5511.0
5937.0
6674.0
7443.0
7811.0
8128.0
8350.0
8405.0
8143.0
7807.0
7617.0
7683.0
7782.0
7760.0
8121.0
7984.0
7372.0
7027.0
6618.0
6122.0
5790.0
5625.0
5480.0
5464.0
5598.0
5995.0
6789.0
7539.0
7978.0
8306.0
8556.0
8692.0
8566.0
8236.0
7992.0
7898.0
7868.0
7817.0
8235.0
8268.0
7737.0
7350.0
6817.0
6297.0
5938.0
5713.0
5615.0
5606.0
5689.0
6101.0
6903.0
7751.0
8268.0
8687.0
9003.0
9161.0
8922.0
8631.0
8534.0
8474.0
8440.0
8376.0
8687.0
8446.0
7902.0
7581.0
7161.0
6663.0
6295.0
6047.0
5909.0
5860.0
5959.0
6346.0
7085.0
7888.0
8326.0
8578.0
8921.0
9093.0
8876.0
8650.0
8387.0
8406.0
8365.0
8210.0
8591.0
8363.0
7790.0
7485.0
7044.0
6538.0
6193.0
5938.0
5774.0
5673.0
5545.0
5586.0
6178.0
6862.0
7364.0
7734.0
8080.0
8241.0
8064.0
7892.0
7817.0
7777.0
7621.0
7436.0
7754.0
7796.0
7397.0
7056.0
6680.0
6255.0
5919.0
5661.0
5552.0
5419.0
5280.0
5188.0
5491.0
5932.0
6322.0
6706.0
7018.0
7143.0
7033.0
6959.0
7017.0
7040.0
6969.0
6911.0
7329.0
7564.0
7309.0
6990.0
6531.0
6063.0
5725.0
5489.0
5386.0
5396.0
5615.0
6117.0
7009.0
7728.0
8169.0
8497.0
8786.0
8922.0
8776.0
8419.0
8125.0
7929.0
7819.0
7697.0
8153.0
8083.0
7494.0
7161.0
6751.0
6235.0
5922.0
5705.0
5581.0
5511.0
5671.0
6080.0
6830.0
7609.0
7952.0
8244.0
8458.0
8579.0
8310.0
7957.0
7699.0
7684.0
7662.0
7634.0
8040.0
7669.0
6966.0
6554.0
6081.0
5606.0
5342.0
5211.0
5074.0
5074.0
5308.0
5742.0
6400.0
6942.0
7148.0
7325.0
7463.0
7433.0
7154.0
6772.0
6510.0
6528.0
6572.0
6632.0
7311.0
7173.0
6511.0
6112.0
5651.0
5288.0
4978.0
4850.0
4837.0
4887.0
5133.0
5597.0
6246.0
6836.0
7063.0
7301.0
7438.0
7424.0
7071.0
6682.0
6490.0
6577.0
6715.0
6879.0
7520.0
7209.0
6513.0
6114.0
5680.0
5275.0
5015.0
4866.0
4917.0
4981.0
5213.0
5645.0
6297.0
6903.0
7132.0
7292.0
7391.0
7362.0
7032.0
6709.0
6500.0
6503.0
6674.0
6834.0
7417.0
6989.0
6387.0
6046.0
5652.0
5278.0
5013.0
4852.0
4777.0
4733.0
4736.0
4897.0
5495.0
6085.0
6538.0
6783.0
6933.0
6876.0
6477.0
6014.0
5919.0
5991.0
6091.0
6291.0
6859.0
6692.0
6149.0
5735.0
5348.0
4983.0
4756.0
4623.0
4562.0
4481.0
4424.0
4386.0
4736.0
5219.0
5647.0
5948.0
6088.0
6020.0
5548.0
5252.0
5273.0
5370.0
5483.0
5708.0
6320.0
6377.0
5980.0
5648.0
5164.0
4798.0
4596.0
4427.0
4387.0
4442.0
4774.0
5276.0
5953.0
6498.0
6744.0
6918.0
7089.0
7105.0
6792.0
6361.0
6078.0
6075.0
6180.0
6328.0
7053.0
6866.0
6199.0
5823.0
5338.0
4954.0
4716.0
4604.0
4538.0
4630.0
4944.0
5412.0
5998.0
6609.0
6897.0
7107.0
7316.0
7311.0
6955.0
6531.0
6306.0
6407.0
6588.0
6769.0
7471.0
7065.0
6412.0
6020.0
5557.0
5088.0
4831.0
4719.0
4678.0
4738.0
5040.0
5513.0
6088.0
6710.0
7006.0
7253.0
7420.0
7455.0
7126.0
6703.0
6468.0
6470.0
6553.0
6721.0
7423.0
7149.0
6520.0
6079.0
5536.0
5165.0
4936.0
4791.0
4722.0
4793.0
5048.0
5507.0
6216.0
6768.0
7055.0
7362.0
7552.0
7564.0
7216.0
6781.0
6574.0
6600.0
6749.0
6952.0
7588.0
7093.0
6435.0
6012.0
5547.0
5101.0
4836.0
4670.0
4613.0
4633.0
4917.0
5389.0
6112.0
6722.0
7004.0
7258.0
7417.0
7410.0
7099.0
6676.0
6499.0
6544.0
6713.0
6893.0
7556.0
6995.0
6327.0
5962.0
5587.0
5221.0
4938.0
4800.0
4718.0
4742.0
4751.0
4792.0
5303.0
5972.0
6339.0
6597.0
6749.0
6720.0
6322.0
5959.0
5759.0
5690.0
5768.0
6050.0
6611.0
6315.0
5852.0
5379.0
4967.0
4602.0
4327.0
4175.0
4171.0
4180.0
4137.0
4110.0
4469.0
4928.0
5452.0
5819.0
5943.0
5699.0
5224.0
4895.0
4781.0
4973.0
5209.0
5555.0
6299.0
6213.0
5778.0
5317.0
4815.0
4436.0
4241.0
4089.0
4044.0
4149.0
4562.0
5119.0
5739.0
6085.0
6230.0
6469.0
6697.0
6777.0
6482.0
6111.0
5850.0
5740.0
5839.0
6170.0
6939.0
6601.0
5936.0
5492.0
5010.0
4556.0
4345.0
4245.0
4233.0
4325.0
4706.0
5312.0
5804.0
6266.0
6507.0
6686.0
6755.0
6761.0
6405.0
6012.0
5841.0
5922.0
6107.0
6473.0
7175.0
6706.0
6026.0
5601.0
5098.0
4671.0
4478.0
4364.0
4356.0
4448.0
4785.0
5342.0
5961.0
6467.0
6571.0
6805.0
6901.0
6858.0
6529.0
6129.0
5894.0
5892.0
6027.0
6351.0
7019.0
6677.0
5983.0
5548.0
4945.0
4616.0
4434.0
4320.0
4288.0
4370.0
4768.0
5295.0
5881.0
6385.0
6637.0
6842.0
6954.0
6993.0
6610.0
6209.0
5995.0
6083.0
6319.0
6688.0
7335.0
6778.0
6106.0
5614.0
5089.0
4730.0
4519.0
4421.0
4379.0
4488.0
4831.0
5379.0
5935.0
6480.0
6673.0
6822.0
6976.0
7027.0
6744.0
6382.0
6209.0
6279.0
6485.0
6827.0
7439.0
6802.0
6122.0
5726.0
5338.0
4901.0
4642.0
4546.0
4472.0
4427.0
4587.0
4679.0
5269.0
5915.0
6327.0
6597.0
6767.0
6795.0
6496.0
6061.0
5890.0
5980.0
6083.0
6409.0
6987.0
6636.0
6145.0
5688.0
5228.0
4876.0
4650.0
4447.0
4348.0
4283.0
4358.0
4276.0
4682.0
5174.0
5642.0
6037.0
6115.0
6022.0
5612.0
5351.0
5334.0
5427.0
5588.0
5971.0
6675.0
6515.0
6019.0
5563.0
4984.0
4646.0
4441.0
4294.0
4242.0
4335.0
4732.0
5228.0
5894.0
6488.0
6755.0
7022.0
7243.0
7227.0
6888.0
6498.0
6275.0
6284.0
6417.0
6841.0
7414.0
6907.0
6221.0
5732.0
5200.0
4819.0
4636.0
4522.0
4497.0
4548.0
4956.0
5508.0
6034.0
6625.0
6804.0
6980.0
7107.0
7090.0
6726.0
6318.0
6097.0
6163.0
6345.0
6879.0
7394.0
6772.0
6099.0
5617.0
5134.0
4722.0
4520.0
4429.0
4382.0
4476.0
4891.0
5473.0
5928.0
6430.0
6613.0
6744.0
6797.0
6741.0
6435.0
6047.0
5799.0
5783.0
5964.0
6486.0
7030.0
6578.0
5876.0
5412.0
4971.0
4597.0
4380.0
4287.0
4264.0
4336.0
4698.0
5243.0
5778.0
6281.0
6477.0
6645.0
6717.0
6687.0
6345.0
5950.0
5730.0
5834.0
6077.0
6673.0
7193.0
6611.0
5929.0
5397.0
4972.0
4605.0
4429.0
4330.0
4283.0
4414.0
4832.0
5410.0
5849.0
6366.0
6503.0
6627.0
6697.0
6674.0
6356.0
5988.0
5815.0
5881.0
6098.0
6715.0
7122.0
6494.0
5829.0
5424.0
5056.0
4709.0
4418.0
4349.0
4316.0
4323.0
4412.0
4573.0
5123.0
5698.0
6174.0
6511.0
6603.0
6507.0
6088.0
5642.0
5473.0
5582.0
5774.0
6281.0
6654.0
6294.0
5782.0
5337.0
4876.0
4549.0
4268.0
4116.0
4026.0
4042.0
4096.0
4038.0
4398.0
4923.0
5378.0
5703.0
5778.0
5656.0
5144.0
4809.0
4768.0
4849.0
5058.0
5642.0
6193.0
5969.0
5515.0
5101.0
4638.0
4287.0
4074.0
3969.0
3963.0
4062.0
4503.0
5089.0
5612.0
6097.0
6304.0
6469.0
6559.0
6575.0
6325.0
5892.0
5687.0
5681.0
5829.0
6440.0
6935.0
6441.0
5843.0
5325.0
4847.0
4479.0
4277.0
4172.0
4106.0
4253.0
4656.0
5242.0
5717.0
6215.0
6458.0
6624.0
6730.0
6709.0
6331.0
5926.0
5710.0
5816.0
6127.0
6841.0
7172.0
6529.0
5849.0
5402.0
4905.0
4559.0
4316.0
4200.0
4176.0
4305.0
4722.0
5321.0
5804.0
6309.0
6533.0
6723.0
6796.0
6747.0
6408.0
6009.0
5763.0
5772.0
5947.0
6588.0
6925.0
6391.0
5723.0
5302.0
4829.0
4435.0
4222.0
4142.0
4084.0
4183.0
4600.0
5224.0
5636.0
6130.0
6273.0
6436.0
6534.0
6515.0
6169.0
5750.0
5557.0
5583.0
5807.0
6512.0
6905.0
6324.0
5700.0
5207.0
4746.0
4373.0
4195.0
4103.0
4071.0
4193.0
4599.0
5172.0
5583.0
6089.0
6260.0
6344.0
6387.0
6350.0
6032.0
5721.0
5563.0
5614.0
5837.0
6553.0
6856.0
6215.0
5609.0
5113.0
4806.0
4487.0
4284.0
4191.0
4146.0
4167.0
4271.0
4461.0
5015.0
5591.0
5908.0
6142.0
6300.0
6253.0
5880.0
5437.0
5230.0
5330.0
5563.0
6253.0
6518.0
6061.0
5516.0
5108.0
4681.0
4281.0
4093.0
3974.0
3888.0
3893.0
3977.0
4065.0
4357.0
4843.0
5311.0
5657.0
5713.0
5536.0
5090.0
4792.0
4689.0
4788.0
5122.0
5831.0
6152.0
5902.0
5437.0
5037.0
4560.0
4191.0
3962.0
3887.0
3898.0
3958.0
4457.0
5095.0
5528.0
6008.0
6217.0
6352.0
6438.0
6458.0
6214.0
5809.0
5611.0
5605.0
5838.0
6570.0
6861.0
6369.0
5713.0
5156.0
4688.0
4409.0
4256.0
4199.0
4152.0
4261.0
4684.0
5277.0
5726.0
6196.0
6394.0
6535.0
6573.0
6555.0
6210.0
5844.0
5664.0
5754.0
6043.0
6833.0
7093.0
6473.0
5780.0
5232.0
4743.0
4466.0
4284.0
4176.0
4191.0
4263.0
4731.0
5375.0
5783.0
6303.0
6528.0
6683.0
6755.0
6715.0
6403.0
5966.0
5803.0
5886.0
6063.0
6804.0
6986.0
6484.0
5780.0
5236.0
4791.0
4483.0
4301.0
4225.0
4202.0
4331.0
4735.0
5347.0
5819.0
6315.0
6514.0
6699.0
6813.0
6715.0
6289.0
5915.0
5695.0
5776.0
6094.0
6870.0
7108.0
6525.0
5866.0
5312.0
4847.0
4490.0
4306.0
4198.0
4154.0
4178.0
4609.0
5352.0
5786.0
6226.0
6380.0
6445.0
6469.0
6418.0
6138.0
5807.0
5633.0
5712.0
6070.0
6868.0
7074.0
6511.0
5865.0
5370.0
4976.0
4594.0
4321.0
4137.0
4078.0
4095.0
4225.0
4442.0
5063.0
5670.0
6006.0
6166.0
6271.0
6243.0
5872.0
5553.0
5425.0
5478.0
5778.0
6737.0
6873.0
6418.0
5838.0
5438.0
4933.0
4498.0
4227.0
4066.0
3969.0
3963.0
3999.0
4034.0
4407.0
4886.0
5359.0
5784.0
5981.0
5813.0
5305.0
4967.0
4924.0
5044.0
5460.0
6280.0
6545.0
6257.0
5716.0
5305.0
4744.0
4312.0
4040.0
3922.0
3903.0
4038.0
4542.0
5283.0
5756.0
6205.0
6368.0
6490.0
6606.0
6679.0
6485.0
6166.0
6008.0
6064.0
6368.0
7060.0
7205.0
6681.0
5921.0
5517.0
4961.0
4579.0
4350.0
4225.0
4193.0
4262.0
4700.0
5423.0
5891.0
6416.0
6715.0
6823.0
6932.0
6879.0
6530.0
6174.0
6002.0
6098.0
6454.0
7213.0
7350.0
6758.0
6041.0
5588.0
4998.0
4591.0
4329.0
4211.0
4173.0
4317.0
4793.0
5502.0
5966.0
6500.0
6690.0
6786.0
6845.0
6795.0
6536.0
6125.0
5898.0
5941.0
6259.0
7008.0
7094.0
6582.0
5912.0
5430.0
4876.0
4491.0
4221.0
4117.0
4061.0
4169.0
4610.0
5340.0
5782.0
6301.0
6494.0
6666.0
6749.0
6690.0
6303.0
5942.0
5846.0
5895.0
6056.0
6845.0
7014.0
6433.0
5769.0
5295.0
4756.0
4358.0
4136.0
3992.0
4000.0
4139.0
4563.0
5180.0
5633.0
6087.0
6240.0
6274.0
6293.0
6299.0
6001.0
5678.0
5512.0
5630.0
5945.0
6757.0
6775.0
6235.0
5607.0
5187.0
4825.0
4414.0
4214.0
4060.0
3994.0
4023.0
4183.0
4324.0
4857.0
5382.0
5777.0
5954.0
6118.0
6127.0
5758.0
5344.0
5156.0
5255.0
5564.0
6410.0
6429.0
6004.0
5428.0
5106.0
4691.0
4290.0
3996.0
3862.0
3801.0
3782.0
3891.0
3920.0
4242.0
4741.0
5190.0
5558.0
5701.0
5500.0
5031.0
4675.0
4587.0
4731.0
5174.0
5979.0
6052.0
5728.0
5315.0
5024.0
4493.0
4095.0
3820.0
3743.0
3738.0
3801.0
4265.0
5023.0
5495.0
6035.0
6254.0
6418.0
6458.0
6459.0
6152.0
5772.0
5689.0
5723.0
6002.0
6695.0
6805.0
6302.0
5576.0
5240.0
4660.0
4306.0
4118.0
4014.0
3984.0
4101.0
4583.0
5270.0
5601.0
6030.0
6165.0
6245.0
6309.0
6277.0
5940.0
5549.0
5366.0
5464.0
5856.0
6772.0
6842.0
6276.0
5618.0
5193.0
4654.0
4316.0
4076.0
3956.0
3941.0
4065.0
4532.0
5255.0
5632.0
6078.0
6202.0
6252.0
6278.0
6196.0
5957.0
5585.0
5370.0
5373.0
5701.0
6637.0
6726.0
6266.0
5620.0
5181.0
4675.0
4307.0
4079.0
3958.0
3946.0
4052.0
4495.0
5193.0
5573.0
5975.0
6120.0
6204.0
6312.0
6309.0
5962.0
5568.0
5397.0
5460.0
5895.0
6805.0
6832.0
6228.0
5614.0
5147.0
4627.0
4277.0
4038.0
3922.0
3916.0
4028.0
4484.0
5238.0
5676.0
6135.0
6291.0
6366.0
6370.0
6335.0
6013.0
5651.0
5468.0
5542.0
5949.0
6759.0
6791.0
6196.0
5585.0
5193.0
4794.0
4393.0
4219.0
4066.0
4024.0
4058.0
4222.0
4484.0
4996.0
5467.0
5761.0
5914.0
6120.0
6153.0
5834.0
5388.0
5253.0
5314.0
5745.0
6698.0
6650.0
6202.0
5672.0
5352.0
4825.0
4417.0
4082.0
3954.0
3901.0
3917.0
3996.0
4071.0
4324.0
4789.0
5233.0
5525.0
5648.0
5438.0
4956.0
4623.0
4550.0
4699.0
5220.0
6206.0
6289.0
5993.0
5547.0
5278.0
4680.0
4227.0
3958.0
3808.0
3811.0
3944.0
4447.0
5196.0
5641.0
6099.0
6247.0
6348.0
6478.0
6522.0
6320.0
5975.0
5798.0
5891.0
6268.0
6919.0
6994.0
6567.0
5890.0
5409.0
4873.0
4487.0
4221.0
4104.0
4052.0
4165.0
4620.0
5336.0
5644.0
5992.0
6155.0
6305.0
6362.0
6296.0
5963.0
5589.0
5440.0
5499.0
5989.0
6827.0
6811.0
6258.0
5629.0
5306.0
4821.0
4481.0
4240.0
4172.0
4092.0
4175.0
4596.0
5260.0
5734.0
6167.0
6347.0
6518.0
6557.0
6550.0
6276.0
5902.0
5732.0
5866.0
6282.0
6836.0
6838.0
6347.0
5715.0
5368.0
4957.0
4552.0
4267.0
4066.0
3971.0
3917.0
3953.0
4124.0
4584.0
5225.0
5599.0
5753.0
5886.0
5772.0
5240.0
4902.0
4874.0
5017.0
5491.0
6334.0
6378.0
6045.0
5564.0
5315.0
4767.0
4300.0
4029.0
3875.0
3858.0
4004.0
4445.0
5162.0
5673.0
6244.0
6394.0
6440.0
6481.0
6419.0
6091.0
5726.0
5541.0
5641.0
6227.0
7075.0
7108.0
6584.0
5965.0
5654.0
5242.0
4789.0
4425.0
4192.0
4154.0
4195.0
4363.0
4604.0
5098.0
5765.0
6004.0
6151.0
6214.0
6148.0
5812.0
5421.0
5275.0
5436.0
6056.0
6891.0
6773.0
6435.0
6001.0
5710.0
5220.0
4745.0
4395.0
4186.0
3986.0
3988.0
4045.0
4148.0
4392.0
4835.0
5237.0
5490.0
5641.0
5648.0
5385.0
4966.0
4720.0
4834.0
5498.0
6346.0
6424.0
6316.0
6074.0
5613.0
4745.0
4309.0
4146.0
4021.0
3978.0
4102.0
4613.0
5376.0
5886.0
6236.0
6247.0
6278.0
6286.0
6287.0
6046.0
5820.0
5872.0
6319.0
7004.0
7074.0
6990.0
6612.0
5885.0
5402.0
4862.0
4413.0
4355.0
4290.0
4278.0
4358.0
4838.0
5586.0
6009.0
6298.0
6368.0
6407.0
6431.0
6372.0
6063.0
5859.0
5921.0
6477.0
7183.0
7251.0
7109.0
6654.0
5989.0
5490.0
4900.0
4560.0
4496.0
4315.0
4229.0
4344.0
4789.0
5405.0
5962.0
6424.0
6473.0
6518.0
6542.0
6480.0
6191.0
5949.0
6034.0
6506.0
7055.0
7095.0
7011.0
6618.0
5959.0
5429.0
4892.0
4516.0
4419.0
4291.0
4201.0
4325.0
4792.0
5516.0
5867.0
6182.0
6188.0
6221.0
6265.0
6203.0
5920.0
5736.0
5777.0
6337.0
7020.0
7040.0
6902.0
6436.0
5867.0
5417.0
4914.0
4521.0
4386.0
4252.0
4173.0
4247.0
4669.0
5228.0
5782.0
6121.0
6202.0
6222.0
6215.0
6199.0
5920.0
5718.0
5772.0
6331.0
6946.0
6936.0
6792.0
6333.0
5748.0
5304.0
4909.0
4529.0
4397.0
4255.0
4132.0
4151.0
4278.0
4520.0
5087.0
5550.0
5760.0
5863.0
5978.0
5906.0
5606.0
5372.0
5450.0
6008.0
6746.0
6699.0
6487.0
6117.0
5580.0
5144.0
4716.0
4331.0
4205.0
4042.0
3964.0
3972.0
4038.0
4112.0
4511.0
4888.0
5180.0
5348.0
5300.0
5118.0
4699.0
4576.0
4606.0
5086.0
5756.0
5837.0
5762.0
5575.0
5231.0
4965.0
4477.0
4147.0
4055.0
3886.0
3815.0
3905.0
4302.0
4848.0
5461.0
5893.0
6099.0
6328.0
6523.0
6503.0
6212.0
5934.0
5959.0
6287.0
6748.0
6787.0
6702.0
6310.0
5647.0
5189.0
4673.0
4366.0
4252.0
4115.0
4098.0
4194.0
4623.0
5272.0
5776.0
6223.0
6331.0
6458.0
6480.0
6418.0
6070.0
5872.0
5922.0
6454.0
6909.0
6978.0
6882.0
6348.0
5642.0
5171.0
4663.0
4351.0
4240.0
4135.0
4132.0
4220.0
4675.0
5298.0
5764.0
6099.0
6167.0
6199.0
6229.0
6203.0
5941.0
5665.0
5725.0
6231.0
6705.0
6725.0
6682.0
6292.0
5650.0
5174.0
4678.0
4332.0
4224.0
4084.0
4045.0
4159.0
4589.0
5221.0
5675.0
6107.0
6241.0
6315.0
6361.0
6305.0
6004.0
5770.0
5814.0
6368.0
6876.0
6853.0
6723.0
6260.0
5657.0
5169.0
4693.0
4392.0
4267.0
4143.0
4079.0
4221.0
4626.0
5091.0
5687.0
6113.0
6282.0
6389.0
6471.0
6434.0
6144.0
5918.0
5976.0
6490.0
6889.0
6907.0
6777.0
6262.0
5635.0
5172.0
4864.0
4484.0
4296.0
4179.0
4083.0
4090.0
4234.0
4418.0
4959.0
5459.0
5739.0
5896.0
6061.0
6061.0
5717.0
5511.0
5572.0
6171.0
6668.0
6662.0
6394.0
6016.0
5557.0
5170.0
4635.0
4302.0
4150.0
3957.0
3856.0
3846.0
3947.0
4052.0
4383.0
4791.0
5137.0
5343.0
5421.0
5257.0
4840.0
4643.0
4772.0
5341.0
5934.0
5982.0
5871.0
5642.0
5249.0
4891.0
4405.0
4026.0
3937.0
3831.0
3766.0
3899.0
4327.0
4865.0
5460.0
5866.0
6007.0
6098.0
6228.0
6246.0
5968.0
5709.0
5815.0
6341.0
6824.0
6870.0
6771.0
6355.0
5671.0
5214.0
4719.0
4393.0
4327.0
4198.0
4172.0
4265.0
4749.0
5378.0
5713.0
6074.0
6072.0
6162.0
6219.0
6172.0
5928.0
5728.0
5754.0
6435.0
6912.0
6971.0
6876.0
6402.0
5779.0
5295.0
4808.0
4486.0
4337.0
4256.0
4205.0
4301.0
4742.0
5342.0
5805.0
6243.0
6368.0
6465.0
6541.0
6515.0
6237.0
5989.0
6005.0
6392.0
6817.0
6907.0
6794.0
6383.0
5740.0
5229.0
4744.0
4411.0
4305.0
4171.0
4092.0
4218.0
4671.0
5296.0
5714.0
6060.0
6118.0
6197.0
6220.0
6195.0
5899.0
5702.0
5741.0
6483.0
6922.0
6954.0
6877.0
6388.0
5790.0
5314.0
4787.0
4484.0
4312.0
4181.0
4175.0
4288.0
4762.0
5379.0
5748.0
6129.0
6095.0
6111.0
6121.0
6122.0
5904.0
5739.0
5859.0
6555.0
6923.0
6957.0
6779.0
6313.0
5713.0
5212.0
4885.0
4530.0
4366.0
4187.0
4125.0
4154.0
4324.0
4524.0
5036.0
5478.0
5748.0
5883.0
6014.0
5995.0
5678.0
5480.0
5638.0
6319.0
6802.0
6778.0
6536.0
6129.0
5633.0
5213.0
4742.0
4381.0
4219.0
4079.0
3990.0
3998.0
4059.0
4047.0
4400.0
4788.0
5092.0
5380.0
5537.0
5346.0
4940.0
4774.0
4920.0
5648.0
6177.0
6201.0
6129.0
5862.0
5440.0
5061.0
4552.0
4126.0
4042.0
3946.0
3889.0
3998.0
4490.0
5218.0
5653.0
6079.0
6146.0
6228.0
6327.0
6338.0
6103.0
5877.0
5986.0
6558.0
6860.0
6904.0
6825.0
6409.0
5730.0
5245.0
4704.0
4425.0
4334.0
4189.0
4124.0
4210.0
4712.0
5366.0
5728.0
6071.0
6210.0
6289.0
6357.0
6329.0
5999.0
5818.0
5886.0
6554.0
6914.0
6980.0
6915.0
6393.0
5725.0
5255.0
4727.0
4367.0
4253.0
4188.0
4148.0
4238.0
4723.0
5440.0
5778.0
6159.0
6260.0
6288.0
6275.0
6235.0
5995.0
5862.0
6035.0
6579.0
6923.0
6996.0
6882.0
6507.0
5855.0
5382.0
4843.0
4469.0
4347.0
4224.0
4151.0
4317.0
4807.0
5469.0
5840.0
6198.0
6208.0
6328.0
6393.0
6359.0
6017.0
5884.0
6037.0
6724.0
7109.0
7126.0
6990.0
6492.0
5856.0
5344.0
4864.0
4494.0
4401.0
4291.0
4213.0
4317.0
4765.0
5461.0
5843.0
6310.0
6446.0
6542.0
6637.0
6635.0
6351.0
6213.0
6326.0
6889.0
7112.0
7075.0
6923.0
6393.0
5795.0
5355.0
4965.0
4556.0
4460.0
4282.0
4169.0
4213.0
4349.0
4592.0
5081.0
5615.0
5983.0
6116.0
6181.0
6160.0
5723.0
5554.0
5705.0
6348.0
6757.0
6673.0
6361.0
6033.0
5644.0
5246.0
4746.0
4353.0
4264.0
4056.0
3973.0
3982.0
4074.0
4127.0
4394.0
4804.0
5223.0
5559.0
5692.0
5582.0
5152.0
4943.0
5219.0
5887.0
6219.0
6206.0
6158.0
5888.0
5356.0
5011.0
4489.0
4094.0
3886.0
3793.0
3789.0
3904.0
4449.0
5116.0
5573.0
5937.0
6024.0
6070.0
6146.0
6188.0
6008.0
5786.0
5865.0
6475.0
6741.0
6767.0
6709.0
6302.0
5587.0
5137.0
4643.0
4272.0
4187.0
4091.0
4023.0
4143.0
4643.0
5288.0
5615.0
6019.0
6152.0
6239.0
6273.0
6259.0
6004.0
5823.0
5953.0
6655.0
6930.0
6914.0
6831.0
6383.0
5690.0
5186.0
4667.0
4319.0
4202.0
4121.0
4055.0
4121.0
4686.0
5387.0
5744.0
6169.0
6226.0
6311.0
6345.0
6370.0
6168.0
5943.0
6049.0
6654.0
6921.0
6926.0
6811.0
6345.0
5670.0
5166.0
4716.0
4361.0
4228.0
4154.0
4083.0
4153.0
4671.0
5362.0
5639.0
6037.0
6142.0
6263.0
6364.0
6381.0
6101.0
5922.0
6079.0
6784.0
7026.0
7056.0
6902.0
6344.0
5730.0
5191.0
4673.0
4379.0
4263.0
4173.0
4112.0
4192.0
4675.0
5324.0
5586.0
5846.0
5966.0
6051.0
6115.0
6130.0
5920.0
5759.0
5936.0
6674.0
6937.0
6956.0
6794.0
6251.0
5633.0
5168.0
4843.0
4527.0
4355.0
4194.0
4086.0
4081.0
4210.0
4410.0
4853.0
5452.0
5810.0
6036.0
6304.0
6284.0
5858.0
5665.0
5796.0
6390.0
6811.0
6781.0
6551.0
6163.0
5626.0
5242.0
4790.0
4411.0
4267.0
4139.0
4004.0
4013.0
4123.0
4141.0
4379.0
4776.0
5239.0
5551.0
5707.0
5600.0
5111.0
4943.0
5175.0
5946.0
6416.0
6466.0
6410.0
6173.0
5749.0
5353.0
4759.0
4325.0
4235.0
4085.0
4052.0
4182.0
4703.0
5482.0
5777.0
6177.0
6247.0
6362.0
6433.0
6468.0
6199.0
6013.0
6169.0
6930.0
7253.0
7241.0
7097.0
6616.0
5924.0
5534.0
5021.0
4728.0
4659.0
4511.0
4416.0
4470.0
4957.0
5676.0
6033.0
6483.0
6512.0
6565.0
6592.0
6564.0
6239.0
6085.0
6232.0
7019.0
7420.0
7470.0
7374.0
6819.0
6150.0
5647.0
5079.0
4677.0
4616.0
4464.0
4346.0
4423.0
4940.0
5676.0
6023.0
6421.0
6422.0
6432.0
6408.0
6367.0
6123.0
5940.0
6134.0
6877.0
7200.0
7289.0
7208.0
6718.0
6033.0
5518.0
5020.0
4658.0
4568.0
4475.0
4333.0
4495.0
5004.0
5702.0
5989.0
6350.0
6416.0
6497.0
6550.0
6491.0
6185.0
5991.0
6219.0
6992.0
7351.0
7375.0
7252.0
6678.0
6044.0
5554.0
5036.0
4690.0
4626.0
4492.0
4437.0
4507.0
4981.0
5668.0
5952.0
6401.0
6523.0
6626.0
6736.0
6792.0
6578.0
6481.0
6765.0
7438.0
7645.0
7702.0
7531.0
6924.0
6265.0
5812.0
5297.0
4955.0
4962.0
4765.0
4566.0
4521.0
4778.0
5095.0
5743.0
6503.0
6941.0
7211.0
7326.0
7270.0
6873.0
6675.0
6983.0
7537.0
7889.0
7853.0
7482.0
7022.0
6499.0
6190.0
5648.0
5168.0
5120.0
4958.0
4791.0
4730.0
4824.0
4908.0
5122.0
5616.0
6121.0
6455.0
6621.0
6404.0
5833.0
5719.0
6105.0
6800.0
7245.0
7227.0
7177.0
6878.0
6401.0
6026.0
5400.0
4927.0
4914.0
4770.0
4575.0
4686.0
5264.0
6167.0
6660.0
7392.0
7710.0
7826.0
7856.0
7726.0
7322.0
7070.0
7292.0
7825.0
7912.0
7966.0
7839.0
7255.0
6496.0
6088.0
5473.0
5040.0
5034.0
4924.0
4819.0
4835.0
5329.0
6156.0
6642.0
7213.0
7295.0
7265.0
7247.0
7159.0
6802.0
6775.0
7046.0
7794.0
8111.0
8113.0
7961.0
7237.0
6511.0
6014.0
5383.0
4994.0
4984.0
4784.0
4590.0
4627.0
4936.0
5623.0
6236.0
7029.0
7326.0
7441.0
7494.0
7429.0
7074.0
6915.0
7206.0
7678.0
7869.0
7848.0
7656.0
7053.0
6382.0
5958.0
5289.0
4862.0
4943.0
4786.0
4638.0
4700.0
5189.0
6003.0
6604.0
7324.0
7664.0
7852.0
7947.0
7868.0
7445.0
7344.0
7637.0
8135.0
8306.0
8310.0
8124.0
7421.0
6728.0
6236.0
5611.0
5123.0
5125.0
4977.0
4853.0
4910.0
5391.0
6230.0
6725.0
7400.0
7636.0
7677.0
7678.0
7563.0
7265.0
7248.0
7509.0
8169.0
8449.0
8457.0
8212.0
7514.0
6796.0
6369.0
5841.0
5353.0
5365.0
5150.0
4999.0
4926.0
5106.0
5368.0
5760.0
6522.0
6870.0
6974.0
7075.0
7052.0
6696.0
6664.0
7079.0
7668.0
7888.0
7800.0
7519.0
7071.0
6394.0
6096.0
5540.0
5055.0
5009.0
4804.0
4611.0
4550.0
4653.0
4769.0
5041.0
5598.0
6139.0
6486.0
6627.0
6523.0
6080.0
6043.0
6345.0
6929.0
7192.0
7205.0
7074.0
6757.0
6215.0
5893.0
5228.0
4777.0
4763.0
4611.0
4482.0
4523.0
5004.0
5835.0
6358.0
6913.0
7062.0
7087.0
7140.0
7142.0
6866.0
6802.0
7020.0
7579.0
7782.0
7801.0
7690.0
7063.0
6345.0
5848.0
5240.0
4867.0
4877.0
4713.0
4578.0
4665.0
5156.0
5928.0
6341.0
6790.0
6869.0
6838.0
6795.0
6711.0
6473.0
6400.0
6695.0
7364.0
7679.0
7730.0
7664.0
7111.0
6396.0
5913.0
5304.0
4847.0
4813.0
4675.0
4539.0
4600.0
5057.0
5813.0
6160.0
6558.0
6574.0
6596.0
6580.0
6552.0
6364.0
6402.0
6653.0
7194.0
7496.0
7536.0
7465.0
6939.0
6288.0
5878.0
5294.0
4763.0
4685.0
4508.0
4407.0
4494.0
4916.0
5711.0
6147.0
6506.0
6568.0
6640.0
6677.0
6602.0
6300.0
6215.0
6518.0
7176.0
7478.0
7507.0
7418.0
6891.0
6290.0
5867.0
5252.0
4771.0
4715.0
4516.0
4355.0
4409.0
4742.0
5206.0
5648.0
6077.0
6169.0
6201.0
6241.0
6159.0
5945.0
6009.0
6384.0
6914.0
7311.0
7364.0
7178.0
6534.0
5819.0
5408.0
4899.0
4483.0
4399.0
4180.0
4026.0
4040.0
4173.0
4247.0
4539.0
5251.0
5837.0
5997.0
5762.0
5120.0
4439.0
4355.0
4674.0
5218.0
5661.0
5771.0
5755.0
5584.0
5236.0
5068.0
4683.0
4296.0
4232.0
4039.0
3894.0
3836.0
3877.0
3924.0
4053.0
4404.0
4829.0
5124.0
5249.0
5140.0
4789.0
4746.0
5034.0
5553.0
5932.0
6013.0
5981.0
5789.0
5385.0
5193.0
4699.0
4253.0
4233.0
4079.0
3981.0
4034.0
4345.0
4830.0
5371.0
6001.0
6241.0
6378.0
6504.0
6506.0
6235.0
6138.0
6357.0
6881.0
7207.0
7184.0
7098.0
6528.0
5907.0
5551.0
4965.0
4504.0
4528.0
4361.0
4220.0
4262.0
4592.0
5095.0
5623.0
6298.0
6562.0
6650.0
6740.0
6705.0
6339.0
6186.0
6424.0
7037.0
7472.0
7462.0
7330.0
6687.0
6069.0
5742.0
5195.0
4646.0
4591.0
4424.0
4278.0
4301.0
4648.0
5165.0
5721.0
6406.0
6631.0
6775.0
6844.0
6788.0
6433.0
6356.0
6582.0
7167.0
7594.0
7568.0
7464.0
6823.0
6216.0
5826.0
5243.0
4752.0
4711.0
4556.0
4428.0
4486.0
4812.0
5313.0
5899.0
6538.0
6766.0
6891.0
6927.0
6857.0
6494.0
6422.0
6665.0
7289.0
7743.0
7741.0
7654.0
7043.0
6465.0
6037.0
5401.0
4901.0
4852.0
4624.0
4481.0
4507.0
4815.0
5289.0
5810.0
6351.0
6482.0
6572.0
6600.0
6523.0
6318.0
6377.0
6767.0
7588.0
8247.0
8273.0
7974.0
7152.0
6224.0
5806.0